11 CORNELII nem mswmmnu

331 3331 Rubellium 11133133 33333111 33133 1313113131311133111111
13331331333111, 31333333131113331331333311113 31331133 3111-
13311 313333331313111313113,3311113313331,13133
habituque 333313 1311331, 1133113333313331 3333333, 13131131 13113333·
3133111133 13111133 1313311133. 33 3133 morum 1133 333 3333331133 3311131113,

11331131 31333111. (15) 131133 Galba, 3133313333 11133313 33133, in 131133
nodum innumerum: 331 13 33133131 1333 curiata 33311 pontificu. d
1113313 331, 3113311333, etmihi 3333313111 3311 (13. Pompeii 31 Ι. Cru‘
33131331 13 3333133 33331 afficere, 31 tibi 1331333 sulpicia 3313111113
313333333111113111313 adiecisse. 3333 313 deorum 1331333333 comm
· 11 imperim 33331331 33333133 1313133 1313113133 3113113 imit 31
3313333133, 313 333 31113333 331131 133313 3331111331, 13113 31331333 quie,
3333313313,11133131131133313,33 3333311 113313331133, dei·

tu Uetto! 3131313331-11313131133111μ-1313351331111331μ-
8.313”31333113333311111138.--..--831131111 63]1313131.(631331333133113·
11111.)- --ΜΙ ·.ΙΙ313·311.

1333.-13131133Η31113]13333133.13 13331333331113333 mmm
11,11.11,111118. - Ι. 633333] 11313 133331) 333113113 33313333331, 33311331
11331131333113331, 331 333331 1311333 13333 13 3133333113 1113111 33311 1331·
1η31313131333.11’1. 3311113333, 331 3331131113, 331333 1133113313 3313331
133311313331113133311311313133 313133 1333313113 33133 munumentum
31331313333113313333333313113333313 311. 1131311131113 1333331313 11, 311
31331113 331133113333 311313113 31 ct!- 3331 331 13313 31311 (1113 13113 3311, 333
3333133 1311. lm. 13311113 31 131333. 111131 13311131), 11 31133131 1333 3311313111
3111. 11171. 313113 11331133 3331133, 31 13313133333133113313331131331331 m
1111133,1311111333111311333, 3111 3. 780. 33311113 33111313 3331133133 3333131131,
333 1113333 333131 13113 13113333 33133 313333131333311131113. 1131333311311
11133313 331331, 3333 1133131 331333 333· 33311133 31313333 3331, 113311 11111 1333-
13111. - serm] 33313 133. 11333111 333111133331333311333 3331113 1313313333
11111131333111111331.1333331113113 3311311 eoum 13331111 1333333 33133
13133 concrctam 311333 331311 loom 333 3333133 13313333 1133111333 33131-
3333313113 (11131131) 3333131 1111 33111111, 3333331111131331 3113311311 13 1333 1133
333311 13111. 0331111 b 3333 13313 03313133 3331313, 133 131, 3331131133 3331131131.
1333333, mm 331. 133131, 131 313 cfr. 833133. 031. 11. 1133333. 1113 1113-
verim 11131. oniba 25.- ἆφκ 3331113 33313· 133333 11131 3331113133 1131313331 w 111·
3313 mamm 11313333,13313333 31331331311113133313133133331333, 31
κα111311111313311333333, 31311333133· 311 1113333 133.1,1.11.1133331331.
ηιμ.- -33311111313111313133, 3133133111 333113331113331313 3133131133 13133331
3331131331 333311 33 313313. Qu! 1333 333113 33333. - 13131313 a 131331..) ¹⁸
’133111 3333 13333111,13 133. 13313111 113 33311133 1311111111, 33 13111111 313
3331331133331111331113. 1331333. 1133331. 13111331 311333 11131

¹⁶· 3131311313311133313311131 umu· 13131333. 333· 11. M
1311333 113333313313 13111333 13311133 1211311 1331131131, 33333313· 1.. 133311,
31131313331313111111333111.333111 3310331311113 3331111. 8331. (1.1. 31 1.
3331313313 11331313133,33333 133 3331313 1333311113 33313131 33311131 3. 33311,
333311311133 331 3331311 3333113131 333 13313133133 11 11113133 311113111311313
11331133 31 1333133 33311333 333 133113 3311113113 133333. 1331133 3 3333. 333.
1113133 111331. 3. 111 1333 13331133, 3133 1311113311ιμ-31313311 mn ρ.

3131133111331131311133331111333313111 3311]03111331833.1313133Η11, h·

 

