00 CORNELII nem nlsronmuu Um 1. EXCURSUS 1. Π.

1111111111111111111111111111111111111111111111111111. 1111 mm
1111111111111111,11111111111 1111 1111111 1111 11111 1111111111, mitt. 1111
1111111111ωὲ1111111111111111111111111, 111111111111111111111111111111·
ten-tummim 1111 11111111111111 11111 3111111111 iulo· 111111,
11111 11 11111111 11111111 11111111(111.1”11.111111,111111111111 11, qm
1111111111111111111111111. ³1: legioni 111111111 diffidebat. - 11111 11111111
111111 11111111 111111111111 adiungitur.) 1111 111111 111111111111111 um 111111
11111 1111111111 11111111 1111 111 1111 1011111111 811111111111 umbem. 1111
0111111111111111111111111111111111111111111111111111, 1111111111111111
suga 01111 11111111. Suet. 01111. 11. 111111 111 Kasp! 11 1111 pom 1111111
1111 111 111111 11111111 0111111111 111111 meu 7000 1111. 01111 111 111111.
01,1.111111111111 111111Ρ11111111111 11111111111111111111111111111111111
Kriemesunqm 1111111111 (err. Τ11. 11111. 1,871 quod 11111111 11111111 11
pontem 11111111 11 11111111 11111111 11 1111111111 11111111.) 111111 ouo 1111
1111101111 11111, 111111 111 11111111 11111 1111111111111 anulum 11111111
11111111 111 den 11111 1111111 1111 (111. 111. 11111. 1,111 11111111 1111111111111
11111). 11 1111 1111111 men 7111111111 11111 11111111 11111111 1111111 §pm
11111 caecina (111. 11111. 2, 111. 1111 1111111 1111111111 1111111 111 1111111111
11111111, 1111 judoch 1111 111111 11 111111 (Τ11.11111.1,8’1. 11111111111111111
component). 1111 1111111111, 1111111 1111111 noch 111 111 8111111 111111.
11111 Hom 1111111111111111 011111 11111111 (11111 11 1111111 111 111111111111
1111111111 militine). 11111 111111 Ham 111 111111111111 111111 0111 111 1111
(Tac. 11111. 2, 111 ipsum 01111111 conflabuntur · · · 111111111111 111111
11111111). 111111 11111111 1111111111 1111 111 111 &limodiam 11111 011111
Narbonensis 11111 samu 0111111111.11111.1,11.11.),1111111111 111 111
1111111111 11111 11111111 11111 synam 1111111111 (Tae. 11111. 1, 11. 22).
1111111 hom 111 11111 11111111, 111 1111111 11111 m 11111111111111111111111
11111, 1111 111111111111111111. 111111 1111111 11111111, 1111 11111 111-
111111111 1111111111 111111 (Tae. 11111. 1, 101 111 111111111111 1111111, 111
11111 11 1111 11111111 11111). 11111111111111 111111 11111 11111111 11111.11111111
11111110111111ῶ,21.11110111111111111111111

-—

BURNOUFII ncunsus 11.

111 LIBRI L C. Lxxxvl.

[immiaznoemmmatmmtmmuwmm
11111111111111111111111111111111111111111111111111111111111111·
111111111111111111111 0111111111111111111111111111111111111111111
111111111111111111111111111111111111111, 1111111111111111111111111111111111
111111111111111111111,1111111111111111111,1111 111111111111111111111.
011111110111111111111111111111 1111110111111111 11111 11 1111111011
1111111111111111 1111111111111,1111111111“1111111111,11111111111111111
11111111111η1ω1ς11111111111111111111111111111.01111,01111111111
11111111111111111111111111111111111,111111111111111111111111 1111111111-
111111 1111111111111111111111111.11111,11111’11111111111’1111111111111,
wmnumpoeupoemtanowmnmmwmw.

1111 11111111, 1111111110. 1111111111 111111 1111111111 1111111111 11111111

1111111111]10111111111111111111111111111111111111«1111111111οΜάὰ
111111111111111111111111111111111111111111111111ς 111111111111111,
10111111011111111111,1111111111111[11111,111111111111ηὸ111111-
111111,11111111111111111111111111111111,1111111’1111111111111111

mmm.»

⁶¹¹¹*-

 

