vm CHRONOLOGIA fflsTomAnuu.

1110111011 coss. 11111.
t 111 1101111111 11111111 1111111111111111·
¹ 11111 1111111 11 01111111 11 111111. unqu!
Vitellium 1111111111, 11111 1111111 1111111111.
1 111 111111 1111111 111111 1111111111, 111
111111 11111111 1111111111 1111111111111 1111111
1111111111, 111 1111111111 111111, 1111111111
11111111111111111. 1111111111 11 11111 1111111
Ι 1111111. 111 1111111 81111111. 0111111111.
1111111111 111111. 1111111111 1111111, 111
111111111111111111 1111111 111111 11 0111111111
1111111111, 111111111111111, 11 111111 1111111
1111111111. 811 11111111 111111111111111111111
11111111 1111111111. 1111111111, 1111111111111111111.
11. 1111. 111.. quinquanginta 111111 11111 11·
111, 1111111111111111 1111111111 1.. 111 1111·
11111 11111111 11 01111111 1111111 11 1111
1111111111. 01111 11111 11111111 1111111111.
qu! 11111111111 1111111111, 1111.111 11111111
1111 11111111 11 1111111111, 111111 11111·
11111 1111. uteunque 11111111111.
1111111 1111111111 geu 1111111111 1111111111 mlv.
111111111, 111111111011111, 11111111111011· 011.
11111111 111111 1111111111 11-17.
m 111 1111111, 1111, 11111111 1111111111 1111111111 1111111111 11· mlv.
1111,11111111.1111111111111111111111111,11111111111111011.
11111, ι111111 111111111111111111111111111111111111111 18-81.
111111 1111111 111111111 1111111111. [11111111111111Τ111111. Lu. V.
111111, 1111111111 11111111111111, 1111111111 111· Gn.
111 111111, 111111. 1111111 01111111 11111111 Tutore. 11 11-11.
1111111111. 1111111111111 11111111, 111111111111 11111111·
1111111 11, 1, 111, 11 11111111111 111 1111111 (1111111111
11111111 11111.111111111111111111. 811111 11111111 01111111,
11111, 1111111111 111111, 11111111 11 1111111111
11 111, 1111, 11111111 11111 0111111 duobus 11111111 1111111 11
1,,1111111111. 11111 11111111 1111111111. 1111111 81111111.
1111 11, 11111. 11111111, 11 1111111111 quodam 1111111 111
11111111, 11111 1111111111.
111111 1111111 11111 011111 111 1111111111.
11111111 11111 111111111111111111111111111111 011.
11 11111111 11111 1111111111 1111111. (Urbe 1-13.
11111 11111 111111 1111111 111 11111 111.
1111. 1111111111 111111 1111111 1111111111
1111111111, 11 quo 111111111111011111111111·
1111111111. 811 1111111111111111111111 111111
11111111111. 1111111 1111111 1111111111 Tum
1111111.)

 

