Cap. 9. 10. 310

appellant 11111111 illud quod 1111 reverentia 111111 (10) 11111111111111111
utqui 11111111 observant. sortium 1111111111 simplex. virgam frugiferae
11111111111111111111111111111111, eosque 11111 quibusdam discretos 11·
111111111111 vestem 111111111111111111111111. mox, 11 publico 111·

1. 1111111111 11 Vd- 11. G. (1³. 11111111111111.) - 1111110111Ρῦ1 11111111111111
11011111 B, 1111111111 walch. 0110111. .

γάρ ma ἱλάσκονται καὶ §capa 111111· 111111 111111 11 1111111111 religiono
11111 1111 λόφους 1111 φάραγγας, 11111111· 11111. 5, 1.)

τοιςῶσπιρὸσιαδρῶντες, 111111ς111111 10. 11111111] 311111111111 1111 1111011
βόας 111 ἄλλα ἅττα maela καρατομοῦν· 1111111111111111 tunglonem 11111111 11·
11ς1111111111111. 01111011111. 11111. 1111111111111111111 111. Lm. 1111111111.
2. 101 1111 1111111111 [11111111 semper 111· 2, 52 Quicunque 11111 1111, 1111111 1111111
110111 11111 111 1011111111 1111111111. 1111 111 11191111 111111111111111111,1111111·
11111111 111111111111, 110111111111111 11111 11111111111111111111 11111111111111·
111111 uquarum, 1111111 &animmque 11 111111. 111.11111111111111111111.
11111111 quoquo 111111111111 mm 111· - 1111111111] 1111111 exemplum 11111111
1111, 11111111 11111111111111111111111- 1111111111, 11111111 11111111. 1 0111111
1111 11111111 11111111. (Gr. M. ρ. 00.) 111111111.11.(1.1.531 11 11 1111111111 11

11111 111111 1111111. 111111011111111111- 11111 11111111 1111111111 1111011, 1111111 ’

1111111111 11 0111111111 111111 11111111 1111111111 1111111111, 1111111111111111
11111, 11 111111111111111111, 11111. 11111. memoretur,- 1111111111111111111111111·
1111 111111, 1111111111 1111111. 01111111 11111111. 111111101111111111111111111111111·
111. 8111111111 G. 1. 1. 111 11111111 11111 11111 11 1111 8. 11111111 27. 111. umbe·
1111111111. 11111. 1111111111111111111 111 111111. 1700. 1.·111 11111111111111
1111 1111111111 011. 11111111. (10.1. ’11111111 11111 (1 01111 1111111) [11111111
108.11111111110111111111111111111111, 111111 1111111111. · · 111111 quaerendum
181111111111011111111111111111 Vardu- 11111111 1111111111. 1111111111 111111 111
1112111 1111 11111 111111111111 1111111111 11111111 1111111111. --1111111 1111111111-
1111111111 110111111111111181111111111 bus, 1111111111 11111111. 111111 11111111
111 1111111 111111 11111111 a 11111 111 11 1111 111111. 11111111 1111111111. ·· 01111111
1111111111). 11 (11111111 0111111111 (111. 1111111111111111111 1111111 1111111 1111111,
101111111111111111111 1111111011 1111 11 1111111111, 1111111111111 111111 111 11111·
11111111. qum 1111111111111111111111- 11111. 111 11 111111111111111111011111
1111111111 11011. 111111111111 1111111111· D. V. 11501 1111. 111111111111111111111·
11111 01111111111111111111. cfr· 01111111 11111111 1111 11 111 111111 111111 1111111111
Lm. 111. 1. 1. 1110. 11111 11111111 111111111111111111111. 011111111111111·
11111111 111. Ν. p. 0011 temnimus 111, 111111111111111111. 1111111111 111 11111111
11111 1111111111 111111,1111 111,11111111 11111 1111111111. 11111111 1111111· 1111111111·
111111 1111 11111111 11 Solem 111 Lunam 111111 11 11111111111111111111111111111111111
(quoe 11. 1111111111 1111111 1111111111· 1111, 111111111111111101111111111111111
11111 11. 1. 111 Solem 11 Vulcanum 11 111· 111 [1111111111. - [111111111111011111111
111111),111111(1ζ11111111’111111111)111111· 1111, 1111111. 1111. (11.11. 1111.-
11111, tomum 111 1111 111 11111111 11111- 11111] 11111 1111111111 11111111111111 11111·
111 11111111 um- 1111111111111111111 11111 1111 11111, 111 11 111111 1111111111 11
1111111111] 11 111, 11111111 1111111111111 111111. 1111111 p. 330-11111111111111111]
1111111111111111111111111111111 11111111 1111 11111 11111111 111111 1111 (1111111111
1111011111 111. 1, 10.. 1111111, qm 11111 11 00. 1. 10. Tune. 1,10.111.
31111111111111111. 1. 11.. 111111111- Temen 1111111 1111 111111111, 11111111,
11111 11111111 Gom· 10. 11111111 111111 11111111,111111111111,111111111111111
111111 11111111 1111 1111 111111 1111· 111111111111111111111111.-11111111111111
111111, 111 111111 111111. 11111 11111· 11111111] 111111.1111111111111111111·
11111 11 1111111 11111111 111111.» cfr. 1111111111,1111111111111111111111·
1111110.1’111.1.1.11. (0111111111111- 1111111111111111111111111111. 1111111·-

 

