loomim, poenae 16, 66. agnomina
ab ordine nascendi 66616111, Tertia,

Qoarla, 0116114, 64. Feminarum 616-
6611111111 gandia 14, 4. 161666661666

16161611 ingero 1166611661 611, 11111166-
minione G. 67.
61111116611 16661111616, 16. 11.
Fauen populna G. 46.

61161 agilane 1166161611 ignolnm
G. 66. 66161 6161111616 61 1111666111·

111166, 16. 17.

6111161 16111161111111 1161116 66-
traciae Germania 6161166116. 4, 66.
6166111561 amleli Germani G. 17.
ternio 66116611 6111116161 16, 44. laria
obiecti 1611111611 11. 6, 61.

6111111161 oppidum 15, 56.
tauromenum 16, 65.
6111111161 municipio· 11. 6,50.

61111161 Latinarum 11161111 praeie-
6161 Urbi erealne 4, 66. 6, 11.
Pannona fl. 6, 76.

61111 inopia 16 Germania G. 616·
01616 16 0161111 6. 46.

116ἑ115691661161111 6116166161 6661161161
. , .

61116111116111 15, 50.

611161 Valeriae 11. 6, 98. 4, ao.
6111111116, 64.

rinno 4, 66. 6161111111. 6, 79.

611161 pallam 16611111 4, 6611611661
161616611 11. 6, 65. interiectos a peirn
16, 61. 611111 familiarum 6666611 116611
aon 616111 11, 16.

6111161 caris 1661161 Libonem ami·
6116 16661116, 67. 16. 111111 maiestatis

{riminilffie 16161616 polii 61166611 pelli·
nr , .

6111111 6161111, 1. 6666161.

¹ 113141611616611111616, 17. 6, 6. 6161
, .

6616661661161161 16, 69.
6116661 Hordeonius, 1. 6616161161.
611666166166661616, 66. 66. 6, 67.
611666166166111161, 1. Verconnius.
61161111 6616611 15, 71.

6111111 1111111 6, 71. 6611 Merulam
1116 661111 6, 56. 6616111 1,10. 611-
61161661 666 licebat emolumentis.
1161 11161 6111161161666111161111 pa·
reelibne 166111 4, 16. 61161611, eiiam
la 6161166111 1, 10.

61111111 116 6, 6. 16, 47. 11. 1, 66.
11. 6, 64. 11. 6, 79. 66.

6111111161 Dialia 4, 16.

6111111611 4, 16. (1116111116 16, 6.

6111111 ,46166161 11. 4, 41.

1111616111- 1611611. ’

6111111111 Naeuio eubaea· 15, fl.
611111 domna 11, 6, 101.
6111111111 661161 IL 6, 67. Β. 6, l.
6111111161, 1. ,111161 11 7611111.
6111161 61111166161111. 6, 64.
6111161116661 111616· 15, 71.
6111111 Sabinae, 1. 6116111.

6111161 6611111661 15, 46. ael-o
1111 6661111116 11 Neronem 61661111 15,

59. 54. 666116616116 66166611 15, 51.
66. 6661111111 15, 70.

6111161 Sabrina 16 Nerone· caala-
111 15, 46. 56. 16 16661 6166116· 16-

6166116611111 15, 50. 5666616 maere
¹12¹?ng 6611111 15, 65. 66116161·

611161 (neec reela 16661611, aea
6111161) Arminii 1111116, 6. 11, 16
661161 6111161116 6111111611 4, 76

616111 lemplam 6, 46.

¹ 6769661161 legato· Romam mlllaal
, .

616161 6611111 11111616 6116611161
Η. 5, 10. 1111616, 46. 46.

616161 Sulpiciae 1. Somnos.

3761164116119611 11611 61 religio 1,16. 6,
. , .

6661111 16111 16 0666116166111611
G. 46. 66161116 16 Hispania 6, 19.
6616111 arcana, 611166 611616 d

pollone 1161 16 1111111611 1161611 16,
47. columnia 166111 11. 4, 67.

661161, 1. 61161.

661111 aquarum 16611 naqa· aaa&
polluandl 14, 66.

66111161 Agrippa 6, 60. 116.

66111161 Agrippa 61116 6166666611
61 deinde lloeeiae 11. 6, 46.

66111161 (166116 Asiae promul ab-
161111114, 66.

66116161 capilo 666161 14, 1.

66111161 616116 1611161 Germaniae
inferioris, 66111 1111111611 11. 1,56. 11

Germania neeidilnr 11. 1, 7. 67. 6, 66
61111 eredis 11. 6, 66. 116116 Paulam
61111616 66611 11. 4, 16. 6161111661
66 1611161 11. 1, 56.

6611611 1666 1616 16, 5.

66111111 15, 46. Formiani anri 16, 10.
66111661 balnearum 11. 6, 11.

6616161111111 66161116, 66. 4, 5.
11. 6, 14. 6, 46. Δ. 4.

6611611611 611161 11111611 6646111
1111661161. 44. 6611661 orae& 15,
17. 661111 66116666 16661611 6, 41.
66116116 templana 15, 56. 111,10.

 

