1111111 mem 111 11111111 11. 1. 111

CORNELII 'Mem
vlu

11111111111111.

mmmm.

1111. 111111111111111111111111111111111111111, 1.1111111111111111111 1111111111,
111111111111111111111111111111111111111111111111, qui 111111111111111, 111 11111111
1111111111. 1. 11111111 111111, 11111111, 111111. 1. 1111111 11 naumis 111111 11111111-
rudimentis, 1. 1111111 11111. 111 (11111111, tribum, 1111111. 11111111111111 1111111111
doni· 1111111111. 7. 0111111111 beno 11111111 1111111111 1111111111 11111111. 1. 1111111111ιί
111111111111111111,1111111 1111111111111111, 1111111111111111111111111111.
1. 11111 11111 111111111ὺά11 Aquiunim 11111. cml 111111 ’111111 filim 1111111111.
1111111111 1111111111.

11111111111111111111111. ’111111 1111111. 11111 1111111. 11.1111111111111 11111, 11111111,
um, 111111, 111111, 11. 11111111,11111111,11111 111111111. 1111111,111111,11111111,
marita. 11. 111111 111111 1111111111. 0111111111 1111111111 1111111111. 11. 1111111-
11111 1111111111 m 111111. 11. 1111111111 rebellio, 11. 11111111 1111 111111, 1811111111
11111111 1111111111. 1111 1111111111 111111. 11. 1111 1111111111 Potitius 11111111 11 111111
1111111111 hie 8111111, 1111111111111 11. 11111111 0111111111 11 um 111111111-
vinciam 11111 11 11. 11. madentium, 11111111, 1111111111, 11111111 11 obsequio 1111111,
11. 1111111111111111 11 1111111111 1111111.

11. 11. Non expeditio 11111 111111 111111, quo 11111111 11111111. 11111111 111111 i·
1111111111111 glorin- 11. Concilium 11 1111111111 1111111111. 11-17. 11111111 11111 11111-
uim 1111111111111111. Calodonii, 11111111 11111111, 11111111 11111111 1111111111 11111,
1111111111 cumpinum 1111111111 11111111. 1111111111 1111111 nin 1111 munim 1111111·
11111. 11111111 111111 obit. 11. 1111111 11111111 11111111 0111111 1111, 11111 11-11.
ontio 11 1111. 11. 11. 11111111 quoquo 11111111 11111111. 11-17. 11111 amu
proelium. 11. 111111 11111111 11111111 Amal· 111111111111111111111 11111111.

11. nouitium, 111111 111111, 1111111 111111, mnium 111111111 111111. 11. 11111111
tmen Affl'eohe 1111111 iubet, 1111111 1111,11111 11111111 1111111 Agricola. ’111111
1111111111 11. 11111111111111111111111 11 1111111111. 11. 111111111, 11 111111·
eim 11111111 proconsul. 11111111111111 111111 1111111111,1111111111111111. 11. 1111
11111, 11111111, 1111111, 1111. 11. 111111 ommim 1111 1111111111 1111111111. 11. 111-
1111111111111111111111111111111. 111111111111111111111111111111111.

(1) Clarorum virorum 11111 moresque 11111111 tradere, antiquitus
11111111, 11 1111111111111 temporibus (1111111111 incurios· morantem
1. 1111111111 mom 11111] 111111. 1, 11 11111, 1111111111 1111111111 1111. - 111-

111 φθόνος 111 1111ζῶ11111ςώ 1111· m] 1111111111.» 11111 1111111111, 1111
aanor, 111111111111111111111111- muner 11 Bergk 111 (111111 2111111111

111 111111 mmmm. 111111. 1, 111 1111. N. 11. 11111111 1111 111 11111111 ·

1111111111 1111111,11111111111111111111 «remu 11111111 11111111111111 11111
1111111111111111111111111111111111 11111111 1111111 1111111 1111111111 111·
1111, 111 1111111111 molum. 11111- 11111111111111111111111111, 11111 111111

um 1111111111 1111111. 111 1111111111 111111 111111 11111111111111 11111 1111-
111111 11. 11

 

