ttt comm 'rtem (mmm

111111111111111111111111111111 1111111111111111111 111111 111111,
cibotum 11 tamtan pugnantibus 1111111. (11 1111111111 proditur 1111·
11111 11111 1111111111 im 11 111111111 11111111 ratitum 1111111111 111·

oum 1111111111 pectorum 11 monstrnt· 1111111111 11111νί11111, qum 11111
111111111111111111111111 1111111 nomino 11111111, 11111 ut uffiuuutuu otti·

1111111 1111111111111111 quibu 111111 11111111 1111111 quoquo 1111111 1·-

1. 1111111111 1, 11111 1111111111. 1111 1111111111111. - 11111111, 11 111111
11111111, 111. 1111111111 1111111111111111, quun 11 cup. tt. 11111111 1111-
1111111 1111111 11111. 11111, 1111111111111, 11 11111111111111111.111111111. vu·
Gerttehtt Pmtut. 1. Χ. 1111111111, 1111 11111111 1111111111111111111111111. 1111-
11111111 11 11111 1111111, 111 eun 11111111 1111111111111111.·1111111111, 1111111-
11111 11111. - 1. 111111111111111. 1, 111111111111 Ρ. - 1111111111 11111111. 1 P.

111111 - 1111111] 1111111111 1111111 111· utut t. tt. 1, 11. 1111111 1111. t. t. 111
1111 111111111111,11111111111111111· 1111111111 111111 rm,- 11111111 tn
1111111111· 111111. - 111111] 1111111 1111111111 1111111. 111 11111111 11111111-
nutv 11111111111111111111 1111111111· 111111. eoum wttttm 1111 1111111
111111111111. (1111111111 111111 1111 11· 11111111, 11111111111111 u. 1111111111
111.» - 11111111 11 1111111111] 1111111 11111111111111.» (euterun 11 1111111 11
111111111111111,1111111111111111111111 11111111 1111111111 11111111111 tub. tt. 11·
111111 111111111 111111 1111111111 11111· 111 11111111 1111111111 1111111 1111111 11·
11111111111111111111111111 ntorum.» 1111 11111111, 111111111 11 1111111111 11-

1 1 11111111 1111111111] etr. 11111111. 1111111111 1111111111 111111111111111 111
111. 11. 1111. 11111111. Θ. 1, 111 Gor· 11111 11111111 1111)-111111111 1111111
11111111111111111111111111111111111111 11111 mentun. ’11111111 111, 111111
11111111 111111 11111111 flattu 11111111111, 111 1111. 1111111111 1111111111 1111·
11 11 1111111111111 11111111 1111111111. - 11111111, 111111111 111111111111. 11·
1111111 11111111] sut· 11111111 1111111111 11111111 111111111 1 111111 11, 11 roim
1111111, 11111111 111 11111111111111111111. 11111111 111111 111 81111111 11 111 111·
1111111. - 1111111] 11111. 0111111111· 111ᾐ111ἀ111111. 11111 1111111 111111
1111111 1111111 11111 11111111. 11111111. 1111 1111111111117. 11111111. 111. Ι.
1111111 11111111, 1111111111111 11111111.111.11111111111111111111111111-
1111111 111111111. 111 1111111111 111111, 11111 111111111 11111 1111111 mutu·
1111 11 1111111 1111 1111111 11111111111· 11111 1111111. 11111111111111111111111
11111. 11111111111111111111.1111111111111 1111111111 1111111111 11111111111111111
111111111111111111. 111111111. 111. 11111. 1111111111 11 1111111111 1111111 pont
11 11111- 1111111111] 1111111. G. 11111 111111111. - 11111111 1111] Atto. 1111 11
1111111111111 6111111111 11111111 11 11111111111111111111111111111111·
1111111111111111 1111111111, um pm· 111111 11111111 1111, 11 1111111111, 11111·
11111 1111111111 11 111 11111 11111 suut. 1111111111111, 11 quun-utu· tttohn
1111111111111111101111111111,111 11 11111111 1111111111111111. 1111111 1111
umato 111111111111111111111111111. 1111111111 11 111 111111111 11111. t. 111
1. 1. 111. Puta 1111 11 111 11111111- 6111111 11111111 [ntum 11118111 11
putot< ut 11111 1111111111 mame. 1111111111111111111111111 11111111111 1111
ut 11111111 111111 1111111111111 tut 1111111 111111 111111 11111111111, 11 11111·
(1111111111 11111111 111 11611111111111· 1111111111. euterun 11111 1111111 111.
poma 111 11111111111111 τά 1111111111. 11111. vlt. ’1. ΙΙ. 1. 1111 11111 11 111
11111 111111 11111111111. 1111111111111111 1111111111111, 11111111111111111 1111111-
tt· 11111111111111111111111111 11 111111 1111 1111111111 1111111111 1111111111 1111
1111111 111111111811.11.111111.; etmu- 1111111111 11 1111 111 1111111 1111 11111111
111111 11 11111 1111111111 111. 11. 111111.. 11 1111 1111111 111 11 1111111 11111111. 01
1111 111· 1111111111 1111111. 111 1111 11111111111111111111111111 hu 111 11·
1111111 tuu- tutuuu 11111111111111 11· 111. 111 1111 11 1111111111 111111 mtae
1111111 petum etr. Gutum 11. 1. 11 11 111 1111111111 111111 11111111. tm 11-
11 1111. - 7111111] 1111111111111111.Ι 1111 11111 1111 aaut· 1111111111 uun

 

