110 cotttttttt rtem unumst

141111111111111114 41411 bonoque 14111114 114411. 14114141 11114
toga, bio primns 14111141 bonon anto 1111111114 1414 ridentur. 414
111 publicae. insignis 1111111144 141 magna 1411444 morito principis digna-
tionum stiasn adolescentulis assignant: 1111414 robustioribus auiam 1111114
sprobatir adgregantur. 111 rubor 141111141111 411111. gradus 11ιί1 stin
1141 comitatus 1141141, 1411111 1114 quom 1111441411 4441114141 11114114·
aemulatio, quibus 1114444141 prinoipem 444111 loono, 11 principun, oni
plurimi 11 aeonion 1141111. bauo dignitas, bas 11114, msgno 114114

1141114114111 1414111111. 41144, 111. 11111141. 11111441 1471. - 1. 1111411 1111. 1
14144411. 1411111, 11 141, 1111111144, 41 Vs. 414111. ·- 1. 411441 1144 P ur 411444
41 1141 tt. - 1 114111441 taso 1111111441 141 11414. 1141111 11411) 11 141114114 suus·
1111111111. (11411 41441, 1111 1 441114 ab 41. 14. P.)

41411411114 1111114 41111411414111444· 144, 144 1114111114441411144 4444 114
414 11 114. 141 1114114 4111 4144114414· 1. 14111111. 11111 4111411141 44441114·
14411414141411 411111411411111. 0144. 1111111 111114111, 14441414 41411 11411.
1. 111. Pr. 1111441441 Cassiodorus Par. 11111 C. 111. 1411 444 141 m 411114·
1, 11. 11141 14414444 nostrus. 14111 noos· 111, 1144441114 111141 111441, 414 flut-
1441 1111114141· 111141. 11111141111114114 1141, 41 441411144111.141111441114114
11. V. 1. 11. 111. Gr. 114. 1. 411.411., 1411144 4111111411141 411111411. t. 411114
qut 1114414411 11 11111414 444111141414 111411114114 1141111 441441144411111, 411
4141411111 (114141, 11111144) 141114. -414411 usurpatur 4 11111 to. 71 4111114 ton · ·
1444144144] 4111141 1114114144 14 1111114 444411411. 14114144111111 11114 41144414 444·
111411 1141144 441144111 1114 11111444. 1411444 1114441144 'nostro 11141411. 14144
1141411444 1. 11 Str. 1141 vu 11141 441441 ooopertus. 3411 Cat. 141 1111114144 suru-
1111111141, 44114 1141141141 1144 141, 1411 btt· 144 4141 1411111114 141414 1441 1111411144 11-
14114114 14144. (1111144144 1111111411144 14111. 14411411, t: 0144444144 1144 1441-
111 mus 41114 44144111 4 4111114144 14111· 4411144111444411111111411411111411. cot.
tuto, 11111414 111111411111 1114· 11111. 1, 11,111 14111141411414411 14-
batur. 14141 1414441114 111141 41411 1141··1411411441111111111144111411414144-
11141111 boo 41 114 14414141 1111114141. 4114111. 11 441, 41114 4141111444141444
111 1111114 1111411111114 1441 1114111141· 11114414114411411. out baso 4144144111·
14111114 41 1411 414111114111141 Non 1114114 1111 orgo 1111 4114111141 11141114·
1411111111. 141 111441 4111441 1411141114· 144411 4111411114 · -- 4444111, 41111441. 41
4111414 111144141141 1414 11411411. band 111411111414111111141114144414141144 444·
44114 11111114111, 41414144, 1414144 1441141111,141111111144 consuto· 141111-
14411141441, 1141 14141 111411114 11441144 41144 41141 4141 1414414 4114411141441···
14111114 4444. 11 1411 14111 41111141 4111414114414 1141444144 1744111144111411
11411411 4111114 toron 1411114114114 111· 11111) 144 1114414411 114 141114414114 11411·
141114 1111111111411411,4114414111111114 14141 111414 1111. 141114 111111 4114114,
11411414 gradus. 111 111 assignabantur.) - 111 144 11141414411111144441 11141114 411
1144411414] 111141 14411144 tantummodo. ttrssstto 41111144. 11411441141411114111-
141 14114 4111111114 11414114 1414114· 1144111144 strat. 1111111144 44114
buntur. c. 11. Postmodo 141144 41111· 111141114111 tt. 1.1.111.41114141414114
414 144111 ducebantur. - 441 4141114 1111114 1144 11144414 141411, 441, 144444
1414441 1141111] 11111 1411 11. cusu nos· 1111 141111411111114111, 114111114114·
4411111114114441111144111111141111411114. 1411111111 1111141414 1411111114 41414111 14
1111111111 111111 4111411414 141111111111· rtsttsttbns. 114 1111114 voss Huoptttsgn.
11111 aggregantur 411 11. 1111114 14111114 - 41111141114111111411.111114141141114
441411111144, sut. 41111114411114141114 41114411111114 41141 1111114111 4114144 rs·
4411141141111141,1414111114. 114414141114 contu 11111411 11111441 141114 4111111141
444114 1144114 11 1111114 1144141114 stbt 141441111111.4 1111114114111. 114414141
11141111414414 - 111411111114141111111] 44111144144 111144 111414141 114114411,
11 11111111 111 1111 4414 114114 1414114· 4141144 4141441 muru-ssu 44111 111·

 

