568 munus - nvn

37. 51. 71. 3, 33. 15,19. educatio 01611111111111. 9, 39 11111101 11.
6. 90. 0. 98. 99. 111161111111111- 1, 87. imperilia fl. 9, 33. 1111111111

11111111 61111 flagitium 6. 19. 0161111111 11111111 11. 9, 39. 1111 pul
1111111111 atrium Η, 1, 31, m. praelium 11. 9, 33. 0161111 1116111111·
11111 1, ’17. 11111111 11111 11111111 Η. 9, 60.

hum 1 Claudio legibus 1111111111 10970· Uim ¹¹⁰¹} wmdssflt 1111·
19, 60. el provincii, pmfltfiunmf 11, 1111111111 Germanicus 1111113161111

5. 9. 11111111111111111111111 11. 1,
13. 9, 57. 116111111111 1111111111 11111111
11 11111 6. lapidem 11111111 13, 96. 97.
11111111, 11111111 11111111 1111111113,
96. 97. (11111111111111111111 111 1161·
111111, 11111 vinclo 1111111111 111111·
611111 13, 97. 11111 111 1111111111
11. 9, 99. 1111 6111111111 11611111111
2311111 13, 39. 6. 95. Α. 19. primi A.

. 1111111111 principum 1111111111111
1,93. 11. 1,58. 76. 111111116,8.11,
99. 33. 38. 19, 1. 51. 13, 1. 993.
3937. 11, 3. 8. 30. 15,35. 16,93.
R. 1. 7. 95. 97. 37. 16. 30. 76. 9,
57. 95. 3,37. 3, 11. 6. 95. 0.13.
11111111111 1111111111 15, 55. 16,10.
13. 1, 9. 1111111111 11111 1111111111,
1111111111 111161111 dueum 111. 15, 98.
16111111111, 11611111 111111111611 15,
35. 11111111111111611 11111111 11 11111-
611111111111111. 1, 76. 111111111111·
6111111111111113. 35. 111111 dures 111-
61111111. 3, 19. 16 111 origo mullorum
equilum 111111111111 13, 97. 111111-
11111111. 1, 7. 3, 37. 11611111 Seiani
1111111111 111 1111111111 1111111111 6, 8.
11 11111111 corrupti 11. 1, 9. regii 1,
93. servilia 11111111 9. 19. 1111 con·
1111111111111161111111 11. 9, 92. l.i-
6111111 6. 95. 1111101111111111111111
nanduli 11, 93. 11111111 19, 53. 11,
55. 111111111111 1111111111 erga 11111-
111 3, 36. 13, 96. 1111111111111111111
1111 11111111 6. 95. 111111 1111 1111111

13, 97.

luo Drusus 111111111 9, 98. 30. 11
1111 1111161119, 31. 1111111111 3, 90.
11111111 11111111 1111111 6111 3, 31.

l.. 61111111119, 1.

61111111119, 90. 13, 39.

111119, 60. Η. 5, 9.

1111111111 1111111. 1, 11.

Licinius, 1. 11111111 11 Clivus.

11111111 31111111 0. 37.

ll. 11111111111111 3, 69.

[11111111111111 15, 33.

hema-s 6111111111. 9, 53.

61111111 eubolus 13, 19.

Licinius Proculus 016111 11111111·
11111.1,16. 111111111 1111111111 11.
1, 16. 89. 87. 11. 9, 33. 11110111

9, 53. 111 1111111111 11111111111 13,
9. 1111111111 111111 Η. 3, w.

(3¹23ss Germaniae 1111111 19, 93. ³⁰.

111111111111, 1. 1111111.

lucum feminae pneelmn 1111-
plum 11. 9, 13. 1111111111. 9,11. Ll-
111111 116111 11. 9, 11.

Lucum 16, 15. 111115. Α. ’1.

111111 1 71611111111111111 cerunt·
1,50. 1111111119,7.11.3,95.6.93.

Liuiam 01111 3, 13.

11111111 Galliae 1111111111. 1, 53.
53. 57. 59. 9, 97. 1, 73. 1111011111
11111611 611 11. 1,61. 1111111131111111
11111111 Η. 1, 78. 1 Sequani· 111·
1111111111. 3, 67. 111 Verginio 111111
Vindicem 111111 11. 1, 69. Romu
aggrediuntur 11. 1, 77.

11111 Ο. 19. ’1111611111 lilium
11111111 1111111 11, 11.

Lim 11111111 19, 56.

[11111111111611 1111111111 11, 11.
Aegyptiae 9, 60. 11, 13. 111111 6111-
111111111111,13. 13. 6111111 111 311-
611 6111111111 6. 3. 111111111 lm.
77. Α. 18. 11111111111111111111111111
3,11. do 11611 ad rempublicam 111·
1111111611 1 1111 principe 11 111111·
111161611111 Η. 9, 55. 1,1. em·
1111111 6. 19. 1111111111111111111 11-
1111111111 11. 5, 13.

lam 11111111 6, 51.

111113111111 1111 1, 3. dolus ei·
111 ,1111111 1111111 1, 3. 11111111 1111-
1111 111111,5. 111 11111111111111111 11-
11111111 1, 8. 111 11611111 gravit 1,10.
111111111111111 11 1111 1, 11. Agrip-
11111 1111111 1, 33. 9, 13. 1, 19.
1111111111 1111111111111111 1, 9. l'r·
111111111 1111111111 11111119, 31. 1, a
9111111111 11111111 3,15. 17. 111111
1111111111 1111111111 3, 31. ulai-d·
1111 11111 3, 61. 1111111111 lum· dl-
1113, 61. 1111 111 1111 1111111111 3,
71. 1111111111111111111, 8. selu
1111 111111 61111111 111 1611111 1,16.
delubrum 11 16111111 1111111111 1111-
lom 1, 37. 1111 11 Tiberiu- 31111
11111611613, 57. 111111 1111111 11·

 

