111 ’ 1111111111111 1111111111

lerunt 1111 impuno (L 1111111111111,11111111111 1111111111· 1111111
11 Germanicus in 11ιί1 111 nedibus perculerunt mox ingentes C. 01111111 ni·
1111111111111111111111.11111111111, donoc 1111111111 1111111111 11111111 11
civilium 1111111111, expugnatis legionum 1111111111 , etiam (1111111 1111111111
1111111111 pulsi [inde] proximi· temporibus 1111111111 mgis qun 1111 1111.

(38) Nunc 11 Saevit 1111111111 111, quorum 1111 um, 111 Quom

1. c. P 01 1111111 11. -· 1. 1111111111111 1111111111. abstuleram. - 11111] 1111111
Ρ. 11111 1111111111. - 0. P 11 111 11. -1, 11111111 1111, 1111111 1111111111. 11·
1111111 01111111. - 1. 11111111 111111 [11111]ρ11111111111111 11111111 11111 pum 1111111111 Ρ,
1111111 11111 11111.1111111111.1111111111111. [1111]ρ111111111,11111111111,11111111
0111111. (11111111111111111111. vbd. 111. 1. H. 11111.) - 1. 11111111. Ι. camma P.

111. 111. 111 1111111111 1111. praeterquam 111. 10. 1111111111. 011 11111711.
11011111. 1, 1111111. 1111, 11111111 11111· 11111.

11111, 11111111111011.. 11 11111111· 11. 11111111 1111111] 11111 111111111111
1111111111111111111111111111,1. 111111 1111111111 11111111 1111111111 11111 1111·
11111 Ι. 11111111. 111 011. 11111. 1, 111 1111 1111111 11111111 11 11111 populu
11 11111 propte 11111111 Ι. 11111111 1111111 11 1111111111, 11 111 11111111 1111111 111·
11111 111111 11111111 1111111111 pamm 111111 11111 1111111 1111111 1111111111·
norm 1111111111 111111 11111 111 111. 1. 11111 111 111111111 11 ml. 111111 11111111.
101 1111111 uanum 1111111 1111111111 111, 111 011. 11111 1111. 11. 111. - 111 1111111111
11111 1111111111111 11111111 1111111111. 111 811111 1111111111] 0111111 1 ι. 111111111
1111111 1111111 1. 1. 11111111 Cn. 111 11 51111111, 111111 11111101111111111111111.
11111. 11111. 11101.. 1111 11111111. 111. 11111 1111111111, 1111111111111. 1111111.
11. 1101.11111111111111111 1111 1111111111 1. 11. 1111111 1111011111 1111111111·
11111111 1111111111 P. mmo. 011. 111111 1111111, 1111111111 11111 11111 111·
1111110 (111) Cos. 1111111111 0111111111 111111 1111111 11111111111110111111111111
1111101111 1111 1111111. 11111111. 1. p. 11. G. 1, 11 1111111111 qm 111 11111111·
1111 CN. mms- CN. 1.1111111.,11111 m 11111111111111111 Garamum.
1111111111 1111 11111111 11111111111, 11111111 111 11111111 moe 1111111 1111111111. 11 qub-
111111 11111. - Draus] 111111 111111 1111 1111111111 11111111 111111 mm
11111111 111111 mewa 11111111 11111111 1111111111 111111 1111111111 11111111 1111 1111-
111111. 1111. 1. 11. 11. - 11111] 1111 11· 1111111 1111111111 111 1111111111111111111·
1111 11111111 1111111111. 11 1111111 111111· 11111111111111111 11111 11111111 1111111111.
11111111 110111111111 1111111111. 111. 1. 111 11 11111111111111111111111111111111·
11. 101111. - 6111111111] 111.1. 10. 111111111111111111111111111111 11111111
1,1. -· 1. 11111111] 0111111111. 011. 11111. 111111111111111 1111111 11111111111, 11
1. 111 0111111111 modium 1111111111 0111111111 11111111 1111111111 1111111 111111-
1111111-1111111]11101111111111111111. nm 1111 numum. 111101. 1111111
011111111111111111 111 1111111 11111· 111111 111111 1111111111 111111 (11111 1111
11111111111 111111 [11111111. 011. 1111. 1111111111 1111111111 11111),11111111111111
11111111111111111111.1111, 111111 ’1, p. 1101 111 111111111111111
11.11.11.Ἧ11111.111.111 611111111- ἔθνη. 11 1111 11111 ᾤκει. 1111111111
1111 11111111 11111111 11111111 1111111 111· τοῦ δρυμοῦ (1111111111 111111111111·
1111111111-11111111111111111111 11111111] mc. mymm 1111 11 111 Σουήβων
1111111111111111111111 1111111 1111101111- avoc· 11111111γάράκὸ 111 ‘Paron 111111
nen 11 1111111111, not 11111 hunc 11 Ve- 111 Ἀλβιος· μ1ρος11 11 1111111111 11-
1111111111 111111 11111111 11111111111111· pau 1οῦ”11111ος 11111111. 1111 1111. 11.
111111 11111 1111 1111111111 1111 1111111 11. 11111 G. 1. 111-111. - 11111111
11111 eun 11111111 111111 1111111111111111 enm] 11111. 111 111111 1111 11111111
11111111111111111011111111111111111111· 11111 1111111 11111111 11 1111111111 111111
1111111 11111111 1111111 111111111 11111. 1111111111111111111111111111 1111111111·
1, 11. 1. 11 - prom 1111111111] 111 finum 1. 1. 11111 1111111111·
1111110111,111111111111111111111110111· mon 111 1111 1111111111 11111 11111111
1111111111 1111. 1111. ⁰0·- 1111111. 11 111 111111. Du 1111111 1111111 11111111

 

