111. 1. 11. 111

:pponam 1111111111 1111111111 1111 reverentia 111111 110) auspicia sortesque
111111111111111111111. sortium 1111111111 simplex. virgam frugiferae
110111111111111111111111111111111, eosque notis quibusdam 111111111 111-
111111111111 vestem 11111111111111111 spargunt. mox, 11 publico 1111-

14111111111111. 11. G. (11. 11111111111111.) - 1111111111 PG: consulatuum
11111111 B, consulitur 111111, 11111111. .

γάρ uva 111111111111111111 11111· 111111 111111 11 1111111111 11031111
11111 1111 λόφους 11111 φάραγγας, καὶ 1111· 11111. 5, 1.)

τοις donee 1311111ρῶ1111, ἵππους 11111 10. 11111111] 811111111111 1111 11111111
βόας καὶ ἄλλα ἅττα μυρία καρατομοῠν· post (111111111111 religionem 1111111111 11·
ng ἐπιθειάζουσιν. 0111111111. 111111. 1111111111111111111111. Lm. 1111111111.
1, 101 11111111111111111111111111111 111· 1, 51 0111111111 11111 1111, quibus 1111111111
111111 11111 111 1011111111 praebuisse. 111 11111111111111111111111111111,1111111111·
1111111 11111111 11111, 11111111111111111 11111 111111111111111111 1111111111 1111·
111111 aquarum, 1111111 bestiarumque 11 11111. 111.1111111111111111111130.
1111111111 quoquo 1111111111111 111111 111· - 1111111111] 1111111 1111111111 11111111
11111, 11111111 ue 111111 111111 111111 11111 1111111111, 1111111111 11111111, 1 0111111
1111111111 11111111. (111. 11. p. 80.) 110111111,11.1ὶ.1,531 111111111111111

11111 111111 1111111. 111111111111111111· 11111 11111111 1111111111 1111111, 111111 ’

1111111111 11 6111111111 111111 11111111 1111111111 1111111111, 11 1111111 11111111
11111, 11 11111111111111111, 111111. 11111, 1111111111111 11111111111111111111111111·
1111 111111, 1111111111 11111111. 1111111111 11111111. 1111111111111111111111111111111111·
111. 8111111111 C. 1. 1. 111 1111111 1111 111111 11 1111 S. 11111111 27. Ed. 1111111·
11111111 0111. 1111, 11111 11111 1111111111 111 111111. 1101. 1.·111 11111111111111
1111 1111111111 011. 111. 11111. (11.1. ’1111111 11111 (1 111111 1111111) 1111111111
101. 1111111111 11 (1111111111111111111111, 111111 1111111111. ·· 1111111 quamnam
1811111111111111111111111111111 7111111· 11111111 1111111111. 11111111 1111· 1111111 111
1112111 1111 111111 11111 11111011 1111111111 1111111 1111111111. · - 1111111 111111 11111-
111 111111 11111111 111 1111118111111111 011, 1111111111 1111111, 111· 111 11111111
1111 1111111111111 (111111 1 11111 111 11 1111111111, 11111111 potuerunt. ·· 01111111
1111111111). 110111111111111111111 Con. 0111111111111111111111111111111111111,
10. 1111111111 arbom 1111111111 111· 11 1111111111, 1111111111111111111111111-
1111111411 111111111011111111111· 11111. 11111 111111111111111111011111
1111111111 1111111, 111111 1111111 1111111111· D. V. 11511 1111. 11111111111111111111
11111 1111111111111111111. ctr. (11111111 1111111 1111 11 1111111111 111111 1111111111
lm. 111. 1. p. 12⁰. 11111 11111111 1111 111 11111111111111. 011111111111111·
11111111 1111. 1121. 8011 1111111111 111, 1111111111 1111111111. quae super 1111 11111111
111111111111111111,111111,11111111 11111 1111111111. 11111111 111111 1111111111·
1111111 1111 11111111 11 Solem 1111111111 11111111 11111111111111111111111η1111111111
(11111 11. 1111111111 1111111 1111111111· 1111. 11011111111111101111111111111111
11111 11. 1. 111 Solem 11 Vulcanum 11111· 111 [1111111111. - [1111111111 arbori] 1111.
111111).11111111111111111111111111111- 11111, quercui. fugo. 11111. 111111.-
111111, 1111111111 111 1111 111 11111111 m- 111111] 11111 1111101111 11111111111111 11111·
111 11111111 111111.- 1111111111111111111111 11111 1111 11111, 111 11 111111 1111111111 11
1111111111 11 111, 11111111 1111111111111 111111.1111111331-11111111111111111]
11111111111111111111111111111111111111111 1111 111111 11111111 111111 11111 0111111111
1111111111111 111. 1, 12.. 111111, quem 111111 11 01. 1, 110. Tuae. 1,10.111.
3111111111111111. 1, 73.. 11111111. 1111111 1111111 1111 11111 1111. 1111111,
111111 11111111 6111110. 11111111 111111 11111111111111111111,111111111111111
horum 1111111111 11111111 111111 1111· 11111011111111111111111.-1111011111111-
111111, 111 1111111 1111111, 11111 111111· 11111111] 111111. 11111111111111111111·
11111 11 1111111 11111111 111111.» cfr. 1111111111.111111111111111111111111-
Waltz 1111111111. (11111111111111- 1111111111111111111111111111. 1111111· ·-

 

