Q. 111111111111111111, 31. 111.
11111111111111 pauperrimi 1, 30.

111111 1111111111 11 , 1. 01. 01. 111111
populo Romano 10111111 1111111, 11.
iiizi²iii⁵ziii⁶it⁰i2¹iiiiii
15, 55. 11. 3, 00.

Rostrum di 15, 51. 11111111, 05.
111111111111111 11, 11.

11111111111111111111111111 G. 11.

11111111 11111011 1111111111 11111111-
11115,17.1111111111 iuga 15, 1. ra-
11111 Venerii 11. 1, 0. 11111111 (1. 0.

11111111111111111111 11. 1, 100.
0, 0. 11. 11. 10.

1111111111 1, 55.
11111111110. 11. 10. 15.

niuem 0, 30. 13. 11, 0. i. 13,
07. 11, 11. 15. 15, 1. 1111111111 1, 11.

11111111 1111111111 0. 10.

1111 1111111111, 10.

1111111111 11. 0, 51.

1111111111 1, 71. 5, 55.

11111 pori 11111111 todem coicior
11113ιέ11 6, 01. 1111 expeditio 11 1111111
6, .

iuret· 11111111 11, 10. 11. 3, 5.

11111 ’111111111 1111 1,13. 6, 31.
11,11. 111111111011111111111. 11.

111111 611511 11111111 11. 1, 13.
1, 05. 11101111 111111111111. 1, 13.
111111 1111111 11. 1,11. 1111111111-
111 1111111111111111111. 1,33. 1111 11·
rm 11. 1, 37. 1, 05. 1111111111 11.

,10.

”leuans Britanniae 1111111 11, 31. 31.
, .

111 (111111 mour 11. 5, 1.

11111 puisi 11. 5, 1. 1.

inimum 11119111, 16.

1111111111 11111 13, 57.

11111111 1, 55. 11111111 munerib·
111111111 11, 50.

imm 1, 51. 6, 11.

immersu 1, 5. 16.1,11. 00111,
1116. 105011. 1, 0. 1111111111 11. 1,1.

’ 111111 (11111111 1111111 (pro 111111)
0, 30. triumphalium, 11. imagines im-
1111111111111111111111. 1 111111
eum 1111111 01111111111111 iompia
11111 11. 1, 55. 1111111111 1111111111

11011111Νο105- floruimus,

11113, 111011111111111 11111111, 11.
, .

immons 111111 1, 5. 1. Β. 1,
10. 111 1111111111 Tiberim 1111111110
0, 71. 1 Nerone sumptum 11 111 1
Corbulone grain 10, 11. ob 111 1
Quadrato 11 0111111111 11111111 111111
111111 11111011 imperatoriis 1011111111,
0. imperatorum 1111111 11111111 11
111111111111111111, 111111, 111111
1,1. 13, 0. divorum iempir 11 11111·
11111, 11111111 provincii· 1, 10. 11111
honoror eiiam 11111 1110111 11 111 ii·
periri 1, 10. 1, 11. apotheosi· 1, 11.

15, 11. cingier 1111111111 1, 10111,
0. 7. 8. pro 111111 11111Ιωί1111 1111
conemini, 17. 11 1111111111 inni·-
principiorum 10, 11. 111111 1111111-
11111111 iuniorum 1, 31. 1111111 reri·
pii 11 111111111111,10. 10, 11. 11.

Α. 13. 0. 10. 1111111111111 i, 1. 111-
perriorum 11111111011111111111 1, 10.

11111111 Romanum 11 1111111 mm
1111111101. rub 111111 1111111111111
Δ. 3, imperium 1111111111 Pompeio 11-
ium 1111111111 1, 13.

inermum 1111111 irem 5, is.
1111111 1111111111111151111111111 15,13.

incurvi, 111 qoem 111111 111111 per·
1111110, 11. 1111 demanii 1111 Irr-
prio 11111115111110, 13.

1111111111 111111 diremi 1, 10. ΙΙ·
(iicet 11111111 11, 35.

1111111, r. i'rurimm.

1111111111 G. 1.

11111111111 Arminii pain! 1, 0.
1 Germanico 11111111,17.11. 1011·
1111111111 periurii 1, 15.

imru· populun 13, 31.

1111111 111110,31. ci. 0111111·
111, innam 11 Turnum 11·
111111.

11111111 11111111 11, 0.
11111111 11, 10.

imm· 11 qm (1111111111. dn·
1111 1, 0. 111110, 15.

1111111111 11.1,13. Δ. 7.
1111111111 11. 1, 01. 3,11.
luminum 1, 11.
inruemur 1111111111 11, 11. 11,..
irrumet 1111 11 ini 1, 0.

2 lamnarum bon 11 stim flii!
, .
1111111 Furtim 111 MU-

1101111 11,35.1111111111111 11111111 Η· 5. 11·

1111111 11, 35. 11111111 1111111111
imminu 11. 1, iii 11 enormi· 1111-

111111 mm 1, 53.
11111111 irrina ii. ⁵. 1.

 

im

