3111111111, 1. 31111111.

31111111 Urnis, in quibua miiiiea
ι’1116ῗὲ11141ἁ11, 31. 3, 33. aedium 11,

31111111 13, 50.
3111113111111111111111 Η. 3, 13.
3111111111 3111111 13,11. 11.1,11.
3111111111111. 3, 31.

3111111111 611111113, 13. 1111113, 71.

3111111111, 11111111, 1111111 , Pna-
11111.

Pon-anna, 1311111111.

311111 qnae 16 61111, qnae 16
1111311111113111111. 3, 13.

31111111111 Urbis genia 1111111111
Latinarum 11111 1, 36. 111111111 111
Augusto, 11111 111111111 1111113111111111
11 primum 1111111111, 1111111111, 311-
1111, Agrippae, 811113171111 1131-
111111161116, 11. 11,11. 11. 1, 11.
3, 55. 63. 3, 61. 31111111111 111111·
1111, qnae insignia 1111 polecina, 116
iun 1111Ιί111 plectendi non 11111111 1, 33.
33. 38. 1, 37. 11. 3, 33. 1111111 111,
33. 1111111 1, 7. 13, 33. 11 Armenia
(annaniae) 11,8. 1111111113,68. 11111-
11111 1, 7. 31. hcine vim vaide inien-
611 8111111 6111111111 1111 Urbem 111111·
111 111 111 111111 11161111611, 3.

311111111111111111, 36. 6,10. 11,
11. 13. 11. 1, 11. 3, 55. 63. 3, 61.
1111111111 1, 7. 31. 11. 1, 13. 13. 3,
33. 33. 611 1111111113 praei. 1, 31. 11,
51. 11111113 11116111 1111111111 1111,
116 1111111111111. 1, 68. 111111. 3,
33. 53. 3. 13. 73. 1,18.13. 5,31.
annonae 1, 7. Η. 1, 68. caninorum 1,
3333. 33. 13, 38. 13, 33. 11, 37.
11. 3,36. 33. 83. 3,7. 11. 11151.
5, 33. 1111 1111113111111 11111111311111,
bnno 11111111 exemplo, (111111 11111111
1111 1, 3311111131 13, 17. 11. 3, 35.
1, 31. 33. 137. 11111111 Η. iffi. 11-
11111111 13, 33. ripae 11. 1, 55. vinium
11. 1, 73. 1111111113, 68.

31111111111111 13, 66. 13, 16.
3111111111 oppidum 15, 16.

anitum 1111111111 1, 3. 3,11. 83.
1311. 11111131 insigne 3, 11. 11. 3, 31.

3111111 nnius dici 13, 1. 16 1111111-
aem interrogandam 1111111111 3, 31. quae·
1311111111 perpetuis praeerat 11, 11.
nennium 11111 praetor 11111111 fl. 1
17.1,33.11111111,75.11.1,3.111-
merus 1, 11. 6111111 11111, qnicnnqne
111 exercitui 111 provinciae praeerat
1,71. 1111111111111111111 1, 15. 3, 36.

11, 38. 11111111 Bithyniae 1, 71.

inarum - 3110303718.

3111111111 insignia 13, 31. 53. Ι.
1,1. 111111 11. 1, 33. 111111 11111
31311111,3. navia fl. 5, 33. 11611111
11111111, 5. 11111111,33. 3, 16. 13,
18. 11. 3, 55. praetorianae 11 1111111-
1111, 1111111 111111111111111111111, alia·
1111 111111111111 3, 33.

Plancianum 1111 111 111111 neem
Η. 1, 83. in quattuordecim 11611116,
3. 1111311611113 11. 1, 71. 11111111
1116113 11111 3131111, 3. innati 11.
1, 38. 11111611611111111. 1, 87.

3111111111 11 praelata 1111111 1, 33.
3111111111111111 poeonii, 5. 11,11.
3111111111 Icenorum 111 11, 31.

3111111111 1131111111111113,11. 1,
73. Η. 1, 31. 87. 3, 33.

3111111 Antonine, v. 1111111111.

3111111111 1111111111 1, 61. 67. ΙΙ.
1,18.51. 3, 13. legionum 1, 3.

3111111111 nni 1111111 provincialia
1111111, 15.

3111111, 111111111111, 3111111111·
1111111, incana, Lucanae, 11111111, h-
1111111, iaqumu», 7111111111.

311111 Manlia 1, 13
C. 3111111 Α. 11.
31111111 11111, maier Agricolae Δ. 1.

Pannonian-aea imperium 1, 11. 76.
13, 11. 53. 13, 53.

31111111111 1, 71. 1, 76. 1, 81.
111 honorantur, 111 111111111115,33.

3111111111 1, 10.

31111111, 1. 3111111, Cannam,
31111111, Coccum, 3111111111, aaa·
1111, Tacina, Vnnnaana.

311111111111111 minorum 1111111-
11111111 111 31111, 6. 1, 15. 11.1,11.
0. 7. Caesarum 11, 51. Africae 11. 1,
50. Alpium ii. 3, 13. 111111, 15.
Belgicae ii. 1, 58. 311111111111,33
Cappadociam, 13. 1161111 13, 51.
15, 11. 11. 5, 16.116111,35. 111-
111111111111 fl. 1, 11. 31111111. 1,73.
3113 13,31. 1111111111. 1,11. 71111-
1111 11.1,11. maior 11 11111111 11
eadem provincia 11. 1, 50. 1111111 111
1, 15. 11111111113111611 ancia 13, 60.
1111111111 nobilitas 111 A„ 1. 111111131-
11111111 111111611. 3.

31111111 13,13. 13, 61. 11,13.
33. 15, 7. 17. Η. 1, 3. 18. 86. 1,

1 36. 81. 5,13. 1111111111 fl. 1, ὅ.

3, 1. 3, 78.
3111111111 311111, 75.

3111111111 Pompeiana, 1. Pomm
3111111111 3, 51.

 

