580 smnus - surus.

1811111 11, 8411111111181111111114, 8111111111 11110. 18

3111111111111 8111115, 8811111 io· emam. Tigellinus, 1. serem.
dreis 11. 5, 5. 11 111111111Ιί1 G. 81. sonsum, v, Bu„ soum,

06010101173· ¹5, 45·¹⁰⁰¹¹¹i¹¹⁰¹· ⁰¹¹· 811111 11 sortitiones 11111111 Ger·

§ninom proeliorum 11 1111111111 11111
’seleon 1111111 11, 10.
81111111111111111. 4, 70.
8111111111 11111111. 31. 38. 36. 37.
8111111 81111 orbs fl. 4, 83. 84.

8111111111 1111811111, 66. Sinuessa·
111 equae 11. 1, 71.

81111111, 47.

811111 populos 11, 15. 16.

81111111, cognomentum 1111111111
8111111,13.

1.. (1111111111 81111111 6111111111 iiio·
siris 11. 3, 51. 0. 13.

81111111 soniario Η. 8, 8. ·

81111111, r. Srsrruos.

81111111 6111111111 popolus G. 45.

81111111 1 quibos 1118111 4, 56.

8111111111 1111111111 dicavere 81111111·
1181 Veneri 3, 63. eorem 11111 11111·

111111 Romanos 4, 43. 55. 56. 63.
811111111111111 6, 18.

8111111111 1111111181111111111 4,
6. vectiganum 13, 50.

81111 Romanorum 15, 38111111 pro-
111111111 13, 43.

8111111 Augustales 1, 54. 3, 64.
8111111 71111 1, 54.

81111111 1. 8111111111 ’1111111111 14,
48. 1111111111 1111111111 14, 51. 1111-
811 apud Neronem 14, 57. 15, 50.
11111111 111111111111111 15, 37. Faenium
1111111 1111111111 15, 511. 1111111111
81111116111 15, 71. 11118111111111-
11111116, 17. 13. libidinosos 14, 60.
semsi 1111811 11. 1, 78. Cir. 14, 57.
60. 15,58. 16, 14.

8111111111 1111111111 rex 18,13.

Somnos 8111111111 111 13, 7.

Somnum rex fl. 8, 81. 5, 1.

811 reponis obseorsios 14, 18. 111111
11 Syris 1111111111 11. 3, 84. solis, 11-
8118111111 meris se mergentis, 11111
1111811111 auditor G. 45.

81111 sedes 15, 74. 1116,18. ei
equos 1116111118 81118111 6, 37.

811111 Atheniensis, degum 11111316.

81111115,1.

8111111111 61111111 1, 65. Germanioi

1,14. Peiros 11, 4. Bessi 16, 1. soro·
1111111 111111111111, 17.

Sermo regio 13, 7.

1111116. 10. soris 8111 1111111111 3,
3138. 71. 4, 87. 11,11. 15,13.

81111 01111, Silii 11114, 18. 8). 88
8111111111, r. 1111111111 81111111.

81111111 8111111111 18111111 11, 1.
8111111111111118111111 11, 4.

G. 811111 1181111 1161111 11. 5, 3.
8111111111 sacerdos fl. 8, 4.

8111, oppidum Dandaricae 18, 16.
81111111 11. 66. eornm 1111111 ι
8, 71. 3, 40. cir. 81111111.

811111111 3, 73. 15, 46.
8111111118, do. 1111111 113113, R.

8111111111 praesidibus provinciam
1811111611 13. 31. eorum iiieeebrse
G. 13. 1111811 111111111 14, 13. ssu
genos 611111111111 G. 4. imre· ei
1118111111113, 31. 4, 68. 11, 88. 18,
57. 13, 31. 14, 17. 15, 31. 11. 847.
71. 34. 3, 38.

811111111111 4, 41. Η. 1, 84. fl.
17. 31. 8, 11. 33. 71.

8111 sedes 8, 49.

81111111 111111 1111114, 53.
8111111111111111111 nomn 6, 1.
8111111111, v. 8111111111 §roum-
811111111111111116, 11.

81111111 1111811 eques 15, Gk
11111111 1111111111 15, 37. 11111111· 18
1111111111 111111 18, 56. siem ie 81-
mo Neronis 15, 41.

811111 1116111114, 87.
81111111 1111111111 15, 68.

Sumtus Sisenes 'roem emti
8, 1. 1111111111 Urbi 6, 11.

3111111111 emphiihesim 8, 78.

8111111111 711111 1611811111 μ’·
11111118. 58. 14, 46.

8111111111 castrorum ¹. 88-
811111181111111 15, 64.
8111111 Domitios 15, 71.
8111111 11111111 11. 1, 43.
8111111 tribuens 15, 60.
8111111 811ιί111115, 36. 71.

811111 811111111 {iiior qun GH·
1111, 1111 11111111 deis 1, 74. dnm
1, 73. 61118111 rin 1111111 bis 111111
4, 64. 1111111118 1111811111· orin-
1111 spodio 11111111 11.1,86. iiie-sris

Α. 40. Ι111111114,13. murm 8.

 

