³8⁴ CORNELII nem oninium

Nuithones 11111111111111111111. 111 quicqum 1111111111 11111111,
nisi quod in 111111111111111, 11111, ’1111111 1111111,111111, 111111
intervenire 111111 hominum, invehi 1111111 1111111111. 111 in 111111 omni
1111111111, 1111111111 in 11 1111111111,11111 1111111111. 11111111
iuni 1111111ῑί 1111111111. is 111111 1111111ίί 11111 intelligit. 111111111
bubus reminis 111111 oum 11111111111111111111111. heti 1111 1111, 11111
1111, quaecunque 1111111 hospitioque 11111111. 111 ioli· 111111, 111
11111 111111111111111 1111111111;111111111111111111111 1111, 1111

1. imm. 11111111 1111111111. i P. 1111111111 111111 1111111111, 1111111111111
1111111111. 1111111111 iib- 111. 1, 1111111111 B. 11, 11111111 011111 11 111. 011111·
11111111 1111111111. 11. 1. 1. 111. 1111111111111 111111111111111111111,1111
111 1111111 ui ε vi:- 1111 11111111 1111111 11111 11. ΙΙ. 1. 111. 111111111111111
111. 11 11111111 11111 1111111111, 11 111111. iiiim— 2 1111111111 111 111111 111111-
111 01101111 11 111 1111111111, 11111111 1111111111. 1111. 1.1Ρ,1111111111 11.
111, 111111111111 1111111111 1. 1111111111111811. 1. 111. 1111111111 ii 11111
11111 1111 11 1111111111 1111111. 1111. 111 flium ,· iverim 11111, 1111 1111111111
111111 Grion 111111111. 1111111111. Ι.Ι.; 1111111111 (1111111111 1111111111
Hirtium 0111111 11 11111111, 11 quod 11 11111 011. 11111 11111111 111. - 1. 11 11 111
1111 0111. P. 0111111111 11 1111111111 1111. 1111111111.

11111 11111 11111111110111111111 1111 11111111 111 11111 111 1111111111 111 1111

’ 111111111111111111111111111111111- 11111111111111111. 111111111111111 ui.

11111111111111111111111111111,110111· 01111111 011111111. 11111111 11111111
11111 11111111111111111111111111111 1111· 11111 11111111 111111111111 (witini-m·
1111, 1111111111 1111111111111111 iani· 11111.) 1111111 11 11111 111111 11111 11
11111111- mim] 11111111 1111111111 1111111 1111111111 111111, 11111111 11111·
Του11111111111,1.,1’111.1,11. violenti 111111 111111 1111111111 1111111111111
i. 1111111111111111111. 1. 111. 1111 11111 1111111111111111111111. 1111. 111111 111
1111111111-Νηι1111]31111110111.1111· 1111111111, 111 1111 1 11111 11111111 111
111111, 1111111111 111011. 11111111 11111111 111111111111 1111, 1111111 1111·
11111111,111111111111 1110111111. 11111 11111111, 1111111111 111 11 1111 1111, 111
1. ii. 11111111 Ν 11111 111 1111111111, 11 11 1111 nii. 1111111111 111111 1111111
111111111111111,1111. 011111 1101111111 111111111111111111111111111111111111-
inventitium. ii. 1111111 11111011· 1111111 111 1111 1111 1111111111 11111·
1111 11111,11111, 11111111, 1111111 1111· 1111111111111111111 11111 11111101. Ι.
1111, 111111, 11111 1111 111111 11111111 1. 111. - 1111111 ml 1111 11111 011-
0111111 1111 01111111 1111111. 0111111 111111111111,1111111111111111111111111
1111 Gr. Ι. 11. i. 1. 111. 11. ΙΙ. 1. 1111111111 1111111 11111111. 1111111111·
1111. 111 1111111111 1111.0111111111,111 111111 11111111 111111, 1111111 111111
111111111111 1111111111111111111. - 111111111. 1111111111111 11111111ιῖ1·
111111 1111111] 111111111111111111111- 1111 111 11111111 1, ii. 111 ru 111111
11111 11111111 1111 1111111111 11111 1111 111111 11111111 1111111 funin· 11111. -
1111111111, 811111111111111111. Gi· 111111 1111111111111,111111. 011. e«. Ι.
Ι. 1. 1111 111111 11111111111111111· 1. iii. 111111 11111111 111 1111 1111111
11111111011111. 011111. Τ11. 11 1111. 11111111, 11 111111 111111 1111111111,
1111. 0. 7¹1: 111111 111111 1111111111 11- 111 1111111. - 11111111] Uimi 1111111111
mm 111111 flumine: · · 1111 in 1111111111 111111111111111111111111111.
11111111 1111111111111 1111111 11 11- 01. 11. 1. 11. - 1111111111 11111111 11 11·
mann 1111111 1111111111111111111 11111 111111111111111, 11111 1111, 1111111
1111111111 111 iiii 1. 1111111 0. i. 1111 11111 1111111111, 11111111 1111111111·
1111111 vi. 1. iii: 1111 1111 0111111111 111111 11111 111111 11111 0111111 11161·
11111111 1111111111, 1111111111 1111111111 1111111111116111111. 011. 01. 11. 1.
1111111111111111111111 1111111 111· 1101111111111111111111111 11111111·
11111 1111 1111111111 11111111. - inuia 11111 111111 11111111. - 11111 11111111
011111111111111 11111111, 11 111 11111 11 11111111 111111111111111111111111

 

