888 CORNELII nem 8888811188

1111118118 18111 1818111181οηί8, quamvis 1111811111, alligari 11 11
118111 1111181. 81 111 in 1ο 11111 pervicacia: 1111 fidem vocant. 111181
condicionis 8818111188181881111 trudunt. 81 aequoque pudore victorin
exsolvant (88) ceteris 111111 888 18 88111881 morem, 8111111111 111
1118111181 ministeriis, utuntur: 18118 quinque 118181.1881 1181111 18111.
frumenti 818818 8881881 1811818111 181 181111, 81181181, 18188118 11
111181 81111881 11111, 811111 8188181881 888111 118111 exsequuntur.
verbotuo 181188 11 11818111 118181888811111 11188. 81118111 181181,

81181181111.-8111811111118111111.1811.8.1111118.- 8111181111·
111111. 1811. 8. 111).

- 11111111] 1111 18181 811181 11118 81· 1. 188. 1111811 818 8111111181 1111 181·
1881111 8,11, 8. 8118. 811. 8. 8. 81111. 11111 18811 81111118 11111188 1118 811·
1118. 81. - 1118111818111111111111] 81811111118 818111118 1111111188 11118
111181 8181111111, 811111 88118111811· 1111111111181118881.111111111111111
1118818 118111 11111 818111. 811111. 81111. 811111111 1181111 1111811, 8181 11111118
1.181111811111111111111111181118,11 181811 111188881 11811811 8111 81111 11
111111118111111 81 8118111118111111181. 181811 888 118 8111118118 11811 1818
81, 11. A. 1. 887. - 11888111] 811. A. 8, 11111181.118111111111111111811181111. 881
’111 811111 181111181811111 1111111888 88111111 811 8,1.118 0111118 11111
1181111111 111111111118181111. 1111111 11111181 1111111111. 81181111 181111

88. 1111111] 111 81111181118181111111. 111111 8118188188 11111 18118111 811
8811 111111118188181188118111 1111· 1118181 1111 188111111 11111811 1111111
1111811 1188111, 18111. 1118181111111· 118 18111111 1188181 1111 8111111 88·
8111111881.81118111818111188811 811111 881 8181118181. 8181111111 1811181181 1811
1811811181111111811111118111881111181111 8111111111, 11111111181111111181111111
1111111818 8181111111, 111118 111 8111 1111818881 811181111111 188111111 18881·
81111 111181 11111, 11118 18111111. - 118111. 1111181181 8111118111111811 11111·
111111111111] 181 1181 181811118111111 11· 111 1888. 1. 888. 8111111 8.1. 1811111111181
181111 1811111 18111111, 8118811181111 11181 1111188118- 811811111· ami
11111118 1111181118 111 8188111188.» 111· 01118181818111 8881811818 1111111111·
118811118111181181 818811111 1111111· 111111. 811. 81. R. Δ. 1. 888. - 81111
11811 18111118811881. - 11111 1111111] 11118111] 1118111111 8111818111111 11111·
11111. 188811, 88811 1118 811, 1118 1181. 8111811 81111 8111 1818888111
contubernalibus 1811 81811181 18181111 811· 811. 8, Ι1. 118.. 111 188 18 11111118·
111181111181111181118118811181111.1181· 811881818111. - 81118111 18111111 1118
18111111118 118 181181111881811181111 888111 181111111, 81811 111 8811111181·
11111111 1818111. 11181 81118111 11111 111 881111118 11811111818811188111. 811. 81.
11111 11811118 11111111 - 881118] 81811 R. 8. 1. 888. - 1181111] 181818811188
1181 81. 11. A. 1. 888. - 18111111 11111] 11881881 111188 1811111181111811111118
188111 1111 1111 8181111111 11181881 18· 18888818181. 118 1181818 81811 18181·
118111 818 8181111111181111111118, 181· 818118811811181111,181111 818881·
8111118 11181811 1111118811811181). 18 111181,181888181111111111. 8118811·
81811181 11 11811111111111818111111811- 181811 111111 1111 118188 8181111 181111·
1181 181111 111181111(8111181). 81111 1181 88111181811111. 88111111, 1111881.
1881111118188811. (81811811818181. 111111 11111111 1111111881 81111111 1881.
11111181. Μ. 1.888.811118118811811 1181111111. 811. 81. 8. 8. 1. 888. 1118111111·
1111111 1111111881 1111 11. 11 · · 11111. 81811118 8188811118111 11188111111111·
81111 11118. 11 818118 11 8118118 11111· 111181181111 1818111118881111. 118811
111 81811111118 1111188 18 18 1111111. 8118118.1.8811 0111118818* 1181-
1111111818 181 881111118 11881881. 111 181 111 11111111 111 11111811 111 1111118111
11118 8111 1111111881. 811.18111181.1’.1. 1818181181, 181811 1188881111· 11-

 

