m commu nem flumme!

11111. enque 1111 11111111 1111111 11111111 (1111111111 mbae·-
111111111111111111111, quoniam qui primi 11111111 111111111ιί 1111111
1111111111 11 1111111111, 1111 111-11111 111111 1111. 111 11111111 11111,
111 gentis, evaluisse 11111111, 11 1111111111 1 victore 11111111,
11111 elien 11111111 invento nomine Germani murentur. (1) fuine

1. 11 superemus 11111111. - 111 11111. · 5. 1111 dien 11111111.
111111111111 cedd. 11.

1111111111 7111111, 111 11111111Τ11111 1111111111 1111111 111111 11111111 111111·
1111111111. 111. z. D. 1. 11. U. G. 1. 111. 1111111111111111111 111 Auguste 11 1111111
1111 11, 11 11111 &maog 11 τῖον 11111111.(11.11.Ε1.1111111 [11111111
1111111111111· 11111111111111111 11. F. 11. Ν. 1111111111 111. 111. 111111.
11111111111111118111111 1111111, 111 (omn. Vm.) 11611111111111111111·
flmmeum. - 6111111111 1111111111 1111111111.(111).11111111111111111·
111111)111111111111111111111111111 mee 11111111 uuquam 1111111, 111 11-
111111111111111111111111,111 1111111 1111 1111111111 eret: 111111111611·
1111 111111 11111 em. 111 1111 eorm· 11111. 11111 1111111111 111 1111111111
11111 11111111111111111111111111111111· 1101111111,1111111111 11111111. 111
111111111111111111 improbemus, 111111 11111 111111 recentiores 1111111, 111 11·
1111 1111111111 11 11. 1111111111 11135. 1111 11111111 1111111111111111111111
111 11. 1 1111111 111111111111 1111111, poue. 11111111111111111111111 1111 111·
11111 11111111 1111 1111111111 11111111 11111111 111 6111111111. 1111 111111 11·
11111111111(11111111.111 11111111 11117. 1111111, 11 11 1111111111 1111 11111111
1117.) 6111. 1111111111 11111 11111111. 1. 11 cardena. 611111111ς 111 17111-
111111 111111 1111111111111111111 111· 1111111. 1111111111, 111 1111 1111111 Le·
11111 11111 111 11111111 1111111111 Ge· 1111 1111111111111 111 11111111, 111-
11111111. 1.1.,1111111. 1111.. wne: 111111. 11111111. 1111111. 1111111111 1111·
111111111111111111111111111111111111111· 111 111. 11111 1111111111 111 11111111
111Τ1111111111111111111111111ἳ1111111; zeitschrift 111111. 1111.) 1111111
111111111111111111, 111 11111111 11 111111 111111 1 111111 11111111 ome·
11111111 1111111111111. 111111 11111111 11111111, 11111111. 11111111 1111111.
murteum 11111 111111 111111 111· quire. 1111111. 111111, 111111 11111111,
111111111111111111111. 111 111111 111111· 1111111111, ete-eut 11 1111111111111111
1111111111111111111111111111, 1111111 (walachum) 1111 111. 1111111, 111·
(111111).1111111111111111111111,111 111111 11111111 1111111111 amr· (1111
1111 11111, 11111 1111111111. 1111111111- 1. 1111111111 1111111 111111111; 1111111111
111111 11111111(11111811111111)111111ι1111111 eir-ee), 11111111 1111111111, beroen.
111111111111111111111111111111,111111· βοὴν ἀγαθόν. - 1 111111111111111 11·
11111 11 1111111111 111 11111 111111 1 111111 111111111111111111111111111111
Τ1111111111111.. Toum weluen 1111111· 1111111111111ή11111ς, 111 1111 111
111111 111111 1111111111. - 111111) 1. 111, 111 111 1111111111. 111, 11 1111111
1111111111. Cle. 1111. N. 11. 1, 111 Quid 11111111. 1111111111 11111111, 111111
ee. 1111111111, 11111. 1111111111 11- 111ἡσ1111ς,1111111811111.1·11111 111
eune, 1111111111 11111111 reperte 111111 1111111111.1111111111,11 1.111011·
1.11111Ῑ111111.11.1.111.- 1111111111) 1111111111111111111. Venethi: 1111
1111111111111311111111.1.1,11 111· --perpeeeun 1 11 11111 11111. - 11
me, 11111111. 01111111. 1111111111. 111 1111111] 1111111111111111111 1111 11111
111 11111111 11111111 metimur. 1.11; 1111111111 Belem· nemetensem 11·
Sequi 1111111111 11 111111 11 11111111 1111111111, 111111111111.1.11 111 11
meru· ’111111 11111. 1111111 ..1111111111111 111111 11111 11 11-
111111 1111111111111, 111 1111111111 1111 defixo. 1111111 11111111 111111111
111111. - reneri] 111111 1111111111· 11111111111111111111 111 1111111 1111111
1111111111 1111111 11111· 1111111 111 neeges 111111111111111111111111111111
11111111111111 11111111 11111111 111· 111111111111 1111 111 11111 1111111

ι111111111111111111111.- 1111111111· (1111111111111. 111 1111111111) 111111,

 

