530

111111 1111111 1, 56.

11111 1. 1111111.
111111111 1. 111111111.

1111ὦ11111111111 1111111111, 31,

Annium 1111111111 11111 11111111
3, 513. 3, 31. 1, 13. npnd Germanos

11111111, 1111111111, patroni 0.1.
161111111111 1111161111, 5. maximnm
⁴⁰⁰⁰5mi⁰m 11, 6. 7. 11111 grannii·

3, .

1111111 111111 11111151113, 53. 53.
55. 1111115111 1111111 1111111 1161111111
⁴, 35. 5, 9. 11, 50. 1. 3. pignora 11-

116111 13, 36. eornm 11111111 11111111

3, 36. apud 111 11111111 meretricium
1111111111 11111111 111111 11111311111
1110111111111111 111111 licentiam 111-
1151111 3, 85.

nimum 11111111, 3.

1111111111. 3, 71.

1111113111111111111111113.10. 111·
1111111111 1111111 1111111111111111111-
1111111135. 111111111611111 11. 1,
51. 1, 17. 1111161111 11. 1, 61. 11111·
cnm Η. 3, 61. 1111111111 81111316.
Η. 1, 57. contermini 31111111 3,15.
111111 111115111113, 16.

111111 11161111111116, 31.

111111 11111111111115, 10. 15, 71.

1111111111111 61111111 13, 6.

11111111 pnpnu 3, 17.

1111111111 1111111 n Aegium 1, 13.

11111111 11111 015111111333 11·
1111111 11111111 3, 60. 11, 11.

11111111 111111111161111111, 1111·
111 nini 11111111111111111111111111
11116111 111111111111111113, 59. 11. 1,

11. 15 1111111111 nnn. 1111111 13, 60.
11. 1, 11. 1111511 legionibus inneininr

10111111 - 13366113103.

6, 6. enni 01111 11116111 113111111-
1, 31. Tiberium miiigni 1, 61. 1, 71.
enm 11111111 11 Agrippinum 1, 63. 11·
111 6111 6111611 1111111111 3, 33. 171-
henin 1111111113, 73. 1111111 1111111111,
16. vim 111111111111 1111111111 1116111·
111611 dispensas 111 Urbem 11111111 111
11 11111111161111111 1, 3. 161111111-
11111, 3. Liviae 11111111οηί111 peili ⁴,
39. Agrippinam 11111111, 17. 51. 11
11 Neroni 11116111 1111111,67. [mm
111111 11111 1, 6. 1111111111-
1111111116, 10. 7151111116 11111111-
111 non· negandum 1111111111 1, 11. 57.
71. 1111111111 nuper 7111111111 oppetii
1111 111111111111 111111 1161111111
111111, 53. 11111111 nm 1111111111,
71. 111161111111111111111111113, 73.
1, 3. 71. 11 1111111101 1 Tiberio 111-
111 1, 36. 1111116111 6111111 lupen
cupidine 5, 6 11. 1111 origo 11 m 1,
69. 1, 1. 7. 71. 71. 6, 6. 11111 1, 57.
11111111 3, 66. 1, 66. 5,3. 1111 11111-
1115, 3. 1111 115111111116, 3. uici
1111111111 5, 611. 6, 311. 13. 1115,

11111111 Lepida, 1. Lepidn
11111111 niusa innupla 3, 18.
Anum monumenti, basilien 5, 73.
1111111111 prandit 15,10.

11111111 gunni 5111111111νί1. 11-
11111111 6, 37 .

11111111 topini· 3, 16.
1111111111111111 11, ⁴, 53. 63.
11111111111111111 11, fl·

Amunn 31111111 Η. 1, 31. iniec 11·
111 01111111 11111111 11. 1, 67. 1 umn-

1111111111111 11. 3, 13. 11 capion·
pngnm occiditur 11. 3, 73.

11111111 111111ρί1113, 11.
11111111 111111 3, 11. 1, 13.
111111 111111 111111 1111111,3.13,

1, 5. Η. 3, 6. 1111111 1111161, 1111111, 56.

(1111111, 11111111 111. 11.1,11. 11111111-
11111 11. 1, 31. 1111111111111111. 5, 5.

1111111 1111111 Η. 5, 5. 1111 1111161111
1111111111 11111 111111111 11. ⁴, 63.

11111 3111111113, 1.

’ Τ. 1111111131111111 fl. ⁴, 53.
111111 611111 5, 6.

111111 61111111 61111111 inguini 13,

5⁸:imni 1111111, 13. 111111111111·
1111 11111111 1111111111 6, 37.

1111111111111111111111 13, 1. 111,

37. (inin 111111 pro 1111111.)

111111 3111111 1111111111 1111111111,
1111111 sunnon 11111111 11111 1, 31.

11ὶί1111111111 1. 11111511511, v. 111·
111.

11111 011111 ii 3, 5.

1111111111 111111, qu 1111111 11-
minucianus 1, 70.

11111111 16 111111 snm-i 3, 11.
11111111 1, 78. 1111111 111111111 11131
1,75.3,17.3,35.13,Ὲ.33.Ε.1,

31111 1116111113, 33. 111 wui-
1111111 3611 3, 51.

111111 delubrum poniieri m
in Cypro 3, 63. 11. 3, 3.

1111111111 0. 15. 35.

Amnum· 11161111 Η. 1,
31. 1111 11111111 1111111111 3,

 

