553

1111111, 1. 1111111 61 1111111161.

111111 [6166611666 3, 69. Epinesia
1, 55. 6616166 3, 63. 11616166 3, 63.
11661111 1,13. 1111616 16661 18, 8.

6116 666 1611616, 166 Onysia, ei qoo-
61666 3, 61.

A. 016166611161111111116166 1666161
13.10. 11, 39. 66111 6 611611166 coo·
116611 A. 11. 661 666111 1111111611616
3616611666 13, 15.

1116161 861616 Η. 3, 73.

0166 Phoenissa 0161161666 16611
16, 1. 6161 6661 1161111 11611116616-

111 Nero 111, 1-3.
Dromius 1661163, 63.
11161161 11161166 6, 31.

0116 166111116666611111 66616111 iihei-
1111119 6161661 666111 6116111 11.

11116166 166611161 11. 3, 10. 11.

[innuen Vocon 1666161 Η. 1, 31.
61111 6661166111 61111166 6611661 61 661
66661161 11. 1, 35. 16 01661161 6161-
61166 66611 Η. 1, 36. Herennium Gai·
116 1 6111111161 11661611 61661111 Η. 1,
37. 011111161166111116616 11. 1, 33.
6161 66161 161111611. 1, 31. 1616661116
11611616 maile Η. 1, 33. miiitum 1116
1611111 111116 611611 11. 1, 36. 16166-
rinno 1661611 11. 1, 37. 58. 1111161616
111666 666161161 Η. 1, 56 66. deserina
1 6111111161 Η. 1, 77. 6611161161 11. 1, 53.

111111 661 Thracam 1, 50.

1116611161 8161666, moerenia 6116·
6661610. 30.

1111161116 Η. 3, 51. 65.
1111 66161 Η. 1, 81.

1111611116 661116 16 6661661116 111·
661163, 33. 69.

0166661116 11116 3, 11.
liuere, 66161 iaetu 1111666661 interii

(1. 10.

Buranun-on Η. 1,19.

1111116116 3, 30.
1111666161 66616161 Η. 1, 13.

Dionen 1616 666611 Romani 3, 3.
“bens 1, 13. 58. oei. 111166 honor
151331161111111 6111616 6111666161 1,
33. 116111166161611661111, 35. 1111161-

balinei 1111111111, 36. Quintilian
111161 16666111, 66. 1116166111 eina 66
gladiatoribus 11,13.
810461ιέ911116616611111 16111161 niniae

11111113 - numurus.

1161161111 Corneliae 6661661111 Η
1, 88. 16116 111161Ιὶ1 1166161111 Η. 1. 11

1161161111 a Caesare 6661611111 0. 11

Α11ὲ1111111 066161161 1111611116 1111

0611116166161 Neronia 116111, Aerip-

61866ἒ416ἑ1ὲ616 13, 19. 1161 6611611111

[1611111161 Vespasiani 111161 lna.
59. 16 6161161166166116111. 3. 69. 616
1666616 6611116111 6661166 11171611-
111666111611161Η3, 86. Η. 1, 3. 161116·
1116 01166 principie agii ii. 1, 2 1111111-
rom carminumque 666166 6166111 Η. 1,
86. 61161616 61 6666161161 Η. 1, 3. ean
16661611 Η. 1, 3116611661 1661116116
11. 1, 10. 6111 11666111 A. 7. adrem
111611 11. 1, 51. 1666161116 1111611166 11.
1, 3. 68. 11661111666111. 1. 86. iden
Cerialis 166111 11. 1, 86. ’16611611 pro-
16111111. 1, 1. 1666. 61116111 contineo
61 16161 666 1616 A. 11. 16 belian
611666161161 Η. 1, 85. Lugdunum reeii

,1, 86. 111611 eiua e Germania 111111·
6161 A. 39. 161161616166666111116161
A. 39. 61666666 16 1116 A. 11 1111
116161 161166 61 16161 A. 15. 66 6111·
111 6101611 1116661111 A. 33. 6111666-
61161 Urbe 61661111 A. 3. 6661111161 666·
61166 6166166616 A 15.

Cu. 1161111161 1116661ιώ11 Ι.. Crufl'
6611661 16 6666616, 6616111616 edida!
16 rhetores 0. 35.

(36.1161111161 1166616116 Neratio
61161, Agrippinae 6111161 1, a& 11.
3. Tiberii progener 6,15.11116611116
1661161 6,17.666161 6, 1. 66161611
1 Nerone 11116 6611111113, 10.

Ι.. 1161111161 Nero, 1. Nare.

Ι.. 1161111166, Neronia arna 1, 11.
&sentiam 666116 Alaina 1111111 61 ee·

1. 1161111161, Neronianum, eti·
1111611161 616111, 11. 0. 3.

(16.061111166,1’616611 166161 na·
111 661666 161166111Ιὶ1, 11.

1161111161 Afer ' 611111 61116111
1661166 1, 53. 0. 315. vim 0111·
1111111 16611611 1, 66. eoin 11, 19.

1161111161 861161 11, 10.

06111161 01661Ιί1661 16, 31.
1161111161 96161 3, 77. [rheni 16 11·

11161 persii 3, 78. Laome· 1661111
θ’113111116113611616, r. (1616166.
1161111161 Pollio 3, 86.
Doara-rna Saena 11. mi.

1161111166 311111 15, 59.

 

