VESTAE ν· morian.

Vibidia 1111111111 venialium 1111111111·
11111,38.1111111151111111111111111
virginem in 111111 011111, 11111311.
111111113111111511111111 111111511111
aemulam 1111111111 1111515111111111111
111111111 511111111111118, 85. derre-

ium Corneliae virgini, quae 11111111
81111111 1111151111, 1181111. 1,15.

Vernae 111113. 1,13. 1111 11-
11111111 foedera, ieaiamenie, 1111-
1111 1, 8. 1111111111 iu Capiioiie 15, 35.
1111011111 15, 11.

Verrem 111118, 85.

niffen-azam, iu quo eiiigiee 11 , 35.
. , .

8111. 3111111111 1111111111 5, 3.

711111111111111 cenaui 15, 18. 1111
gaesaream 15, 58. 1111111111 15,

1.. verriana 11111 Romanae fl. 1, 53.

1111111 111111 ue 1111111161111, Scio
5111111111 8, 33. 3, 53. 111111151111 1,
15.13,8.1111111113,85. 11. 8, 83.
reete 1511111 111111 damnati 1, 75. re·
1111 11111111 111111118,81. 111111
Germanorum G. 17.Ι 3111511111 11811·
. 1111111110.17.111111111111118,83.
11111118, 75. 88. 3, 8. 1111111111
viria 11 111111113, 53. 1111111111 11

111111511 3, 8. 11111511 11111111 111111
6, 50. 18, 17.

11111111111111111 fl. 8, 11. 311-
1110111 15111113. 8, 18. 35.

verume 1151111111111111 11111111
1111111, 67.

Venena, 1111111111 1111111,15. 58.
11.1,18.81.35.57.58.161111111-
11111111 11. 1, 31. 1111111111 11 diri·
11111111 Η. 1, 50. 58. 11111111 151 111·
11111115, 11.

vennam 1, 17. 85. 31. 11. deducti
iu coioniae 11, 87. 31. 11111 uiibea
11, 87. 1111111 111111111111111, 10.
11111115 8, 83. 13, 35. rub 1111111
5111111111 1, 33. diminui auur XX.
11111511 1, 78. reinerii 11 8, 88.

Ιι,31111ἲο111111111111113, 81. ueie-

Varum 3111111 11111111 1111111 15,
8. 3111111111 11111111111 Η. 8, 65. 3,
15. 11111 7111111111 11711111111111 aru·
5111111111. 8, 37. 111111 1111111111 1111111
11111111 Α. 8. 11111111 111111111111151
11111111 Α. 15.

Veram· 1111111 111111111111511111
11, 31. 31. 1111111 11 , 35.

Verebamur 15, 7.
1.. verua, 1. Annum.

533

11111111 1111111111 ii. 1, 31. 8, 11.
11111111 11. 8. 85. 111111 31111111 1111·
11111111 Η. 8, 85. 11111111 principum
1111111 inscripta 111 effigies 1111111
1, 8. venilia legionum 1. 73. Η. 8,
8111. 18. 111111111111111 Η. 3, 81.
1111111118, 78. 11111 1, 38. 11.3,17.
deiectorum 15, 85. equitum 11. 8, 11.
Germaniae 11. 1, 31. 51. 70. 11111
11. 3, 88. 1111115111. 1, 58. 11111111
11. 8, 85. 611 11 convulsa 11 1111111
1, 85. praeferre 1, 31. 115 1111111
111511111 11111111 ei 51111111 1, 85.
33. 115 11111111 11111111111111111, 17.
35. 1111111111 componere 8, 58. 11111·
ium iu 11511111111111111111111111,
erieuium 11111 praetorium 111 11111

gueninga, 11111111 pugnae siguum 1,

Veneram 1, 17. 38. 11, 31. 11.
1,11. 8,18.55.83. 100. 3, 5181
1113111111 1151111111. 1,11. 3. 17.

Van Appia 8, 30. Η. 1,11. Bedria-
111111 11. 3, 87. Caspia 5, 33. 1111111
11, 3. Flaminia 3, 9. 13,17. 11. 8,
51. 3, 73. 88. 011111111 11, 83. 31111·
11113. 3, 81. 81111 Η. 3, 68. 8111·

111 Η. 3, 78. viarum 111111111 1111-
1111111 3, 31.

Viennae! 1, 37. Η. 1, 87.

1111111111 tribunicii 15, 18.

1111111111 Caeles 1, 55.

11111111 virgo Vestalis 11, 38. Clau·
61111 111 Messalina 1111 11, 31.

1111111111 Varro 111111 1111111118,18.

1231Ξ9111111 Hermundurorum (111 8, 63.
, .

11111111 13111111180. 11, 88. 0. 1.
111111, 111111, 11111111,111111111,1’11·
1111111111111. 8, 10. 0. 8. 13. dela·

11111. 8, 101, 11. 1111111111111111
1111111111 11111111· Η. 1, 13.

bviam Fruuiu 11111111 1111111111
ι11111111 Marsua 8, 71. 73. 1, 55.

11111111 honeribus vir 5, 17. Syriae
111111111, 10.

311111811111111 ee 11111. 1111-
1115111111 511111111111, 88.

1111111 8111111 iu 11111111 deperia-
1111, 13. 1111111 61111 eodem 11111·
111, 88. 51111 11111111111111, 88.
Amorgum 11111111111, 35. 5111111111

1111111111, 35.
C. 1111118, 30.

1111111 1111111 nomeu corruptum
111 Ubiorum 1111111 13, 57.

 

