559

011111, 1. Pernen 6131111661.

01111 [6666666666 9, 69. 66116611
4, 55. corneae 9, 63. 9666161 9, 69.
11661111 4, 43. 011616 16666 19, 8.

11111 166 16 0616, 166 Ortygie. et quu-
61666 3, 61.

A. 011111611166 Britanniae legetur
19, 40. 14, 99. 61611 1 611661666 666·
116611 A. 14. 666 666161 Mithridatem
Bosporanorum, 15.

016661 Seuere Η. 3, 73.

0116 1166661111 carthaginem 16611
16, 1. 61666661 166111116611616616·
6111161616,1-9.

0166111661 Apelle 9, 63.
01611161 116661616, 94.

0111 6166111111 666611111 16666111 11661·

16616116 dierunt nuntie 6116611 6.

0116161 6616611666 11. 3, 10. 11.

0611161 vocula 1661166 11. 4, 94.
mire 6661116111 6111161 666666161 661
6666116611. 4, 95. 16 66666661 6166-
eituun 6661111. 4, 96. Herennium 611·
turn 1 militibus 61661611 61661611 11. 4,
97. 6161111 aggreditur 66111 11. 4, 69.
6161 66161 16 66116 11. 4, 94. 666666161
6611661 61111611.4,3.1. miiitum 1616
1616111 616116 661611 Η. 4, 36. 16166-
rium recipit 11. 4, 37. 58. 61116666
161666 666161161 Η. 4, 56 66. 66666166
1 6111111666 11. 4, 77. occiditur tt. 4, 59.

01111 661 1661661114, 50.

06666111 sentens, Cieeruuie 6616-
6661660. 30.

0161611161 11. 9, 54. 65.

061 6116611. 4, 84.

bucnero 6116661 16 6661661116 111·
661613, 93. 69.

0666111661 61116 3, 14.

0116111, 66161 116161166166611166611
0,013111111661 11. 1, 49.

0161111616 9, 30.

0166661611 66616661 11. 1, 69.

0111161 1611 666611 1166161 9, 9.
idib& 1, 49. 58. eet. 01616 benur
wiffentur Airieee 6166661614,
99. ’1161161611661 66666114, 95. 161616·
6111161 negentur 4, 96. 0616110616
116661 16661114, 66. 16616601 6166 66
6116111661661 11 , 99.

³ 1166619161666661161166111616111161
, . .

nmis - 0011111119.

0611111611 666661161 6611661166 11.
t, 88. 1611111161111 6661611160. 9, 49.

0611111111 1 61611661666111610.94.

Augurum 066161161 Agrteuiee 1116

061166116616111666616 1111111, Agriu-
''gmggwggm 13, 19. 16 61 6661660116
1 , . .

0611611161 torpuerunt 61161 11. 9,
59. 16 6161161166 1661166 11. 3. 69. 666
16666166666116616166116611.9,74.616·
616666611611161119, 86. 11. 4, 9. 166116·
1111 titium 66166161116611 11. 4, 9 1111161-
666 terminumque 16166616 11666111 u. 4,
66. 66161661 61 decernitur 11. 4, 3. 6161
16661611 11. t. 9916611661 ingreditur
11. 4, 40. 6161 11666111 A. 7. 1616611
16611 11. 4, 51. 1666161116 116161661 11.
4, 9. 68. 6661116661 11. 4. 86. 66661
666111616611111. 4, 86. ’11611661 666·
6661111. 1, 1. 66666661611166611666
61 66161 666 1616 A. 44. 16 6111661

6606116116611. 4, 85. Lugdunum 166111
11. 4, 86. 111161 6166 6 66661611 trintu-
6661 A. 99. 16116166616666116116661
A. 39. 66166661 16 irem A. 49. 6111
116661 661161 61 66666 A. 45. 66 61111-
111 6101611 triumphet A. 99. 6611616-
6666 6666 expetiit A. 9. spectetur 661-
61666 6166166666 A. 45.

66. 06116161 ,tnenobertm Ι.. crunt

uuttege 16 6661661, 6666666616161111
16 rhetore· 0. 95.

66. 06616161 16666616661 11666111
61166, Agrippinae inuritur 4, 7619,
9. ’1166611 progener 6, 45. ,4166611116
1661166 6, 47. 666161 6, 1. effigie· 61

1 Nerone 6116 6661111613, 10.
1.. 06116161 Nero, 111116.

0061116161, 11666611 1661 1, 69.
Augentum 666116 Albim 1616111 61 ιο-

1.. 0611161611, 11666611161661, 1611
9616111161 616114, 41. 0. 3.

66. 06116166, Neronis 661161 11·
rb poten· betto 611111 4, ti

066161611166 6616661661 unium
1661161 4, 59. 0. 19. 15. 1116661 Quie-
1111661 1616111 4, 66. 66111 14, 19.

0661161111 611661 14, 40.

06616161 61661111666 16, 94.

[tuere-run 66166 9, 77. triremi 16 66· ·

6116966660 9, 76. 1166161161 16661111
, .

066161616666116, 6. 6611616.
06116161 061116 9, 86.
06116661 Sabinu· 11. 1, 91.
nomm· 911111 16, 69.

 

