, m comm nem mmmm!

111111 bneficium 1111111111111111111 quisqu 11111111 1111111111
opud 1111111111 11111 habebantur, 111111 noque 11111 noque 111111 11111 11
public· 11111111. undem 1111111111 11111111, qui 1111111111 1111111111,
11111 senatorum 1111111, quorum 11111111 ambitione, 111111 formidine
1111111111, in 111111 11111. 1111111111 1111111111 1111111111111111.
(11) contionanti (prodigiosum 111111) 1111111 coeam 1111111111 uper·
1111111111111111111111 1111111111111111. 11111111 1111111111, 1111111111
ultoribus 111111 disiecto 1111111111 11111111, longo. 1111 1111111111 1111111
1111 111, 1111111111. 1111 1111111111 1111νί11111 1111111111 1111, 11111111

1111111111,1111111111 11111111, 111111111111111111, 11111 11111 1111111111,
1111111 urguendo mandore 111111 1111111. 11111 11111111, 11 111 111111
nuntio· 111111 quoque 11 11111111 1111111111, dein 1111111111. 11111111
111111 1111111111, 11 1111111 desectione 1111111111 1111111, 11111111 revertit,
111111ῑί11111 quodque 1111111 111111. mni discrimini· 1111111111.

um 1111 trangredi Apenninum integro 1111111111 11ιί roboro 11 111111
hiano 111111 inopia 1111111 agredi 11 111111 11111, 111111 1111111111 11111,
amrinum 1111111111 11 unque in 11111111 ominatum tmddnndu 111111-
daque 11111111.11111111111 murionum 11111111111111111 11,111111111·
rentur, 1111 11111111. 1111111 111 intimi 11111111 vitellii, 111 11111111

1. 1111111 1111111 Ι. 111111, 111111. 111. 11111111. (111111 11111111 1. rr. 1111·
1111111.) - 1. 1111. 1111111. B. - 1111. Ι. - 1. 111] 1111. ὓο11111111111111.(11
11111111111.1111111111 11111111- 111.1111.1111111.Ι. ·- 1111111111, .- ¹¹.
1111111111 11111111 1.- 11 1111111111111111 (111) 1111111 1111. 11111111. 1 111 11.
ss. - 111111 Ι. - 111111 11. - 15. 111. Ι. - w. 11111111. 6111111111111111.

1111111 1111 1111. - 111111] 1111111111·111111 11111 11111111. 11111111. mn 11-
11111111 1111 11111111 1111111111. - 1111· . 111111 11111111 111111. 111111 01111. 111
1111111] 1111111111 11 1111 1111111. Ι11111111111111 1111111111 11111111 1111111
1111111. - 1111111111] [11111111 11111111 Ι1111111111111111111111110.11.1,1.11
1111111111111.1111111111111.-11111·,1111111 111111111111 1111111111 1111111 d
111111] 1111111111 11111111. 111111. 111· 111111111111111111111111111111111111·
11111, 11 11111111 1111111 11111 11111111. 5 111111111. - 111111] 1111111111 11 1111111·
111111, 1111111 11 1111111 1111111111 111111, 11 111111111111111111111111.11 111.
1111111111 111 11111111 1111111111 quotque· 2 1111 11111 11111 11111. 111111 (1.111. 111.
111111111111111111,1111111111 dmum 11111111 1111111111 1111111111 11111111
1111111111111111111111 1111 1111 11111111111Α1111111111111 1111111111 111
11111111111111111111111111.111111111 1111111111.1111 111 111111 &mma
1111111111111111111111101111111111111- 1111111111111111111111111111111, 1111
111 111111111 11111 111 11111111.1111111 11111111 1111111. 1111111

u. 11111111] 11111111 111111. 111111. 1. 11111 11111111 111 11111111 11 em

111 evomo< 11111 zoom 11111 1111 1111111 1111111 1111111 1111 [n 1111111
11· 1111111 1111111111111 1111 11111111- 11111 1111 1111111111111111111111111111
πως, 11111111111111111111111111 11 1111111 1111 11111111 11 11 1111. Lm. -
11111 canuam 111 duim 1111 1111 111] 111111111 11 11 11111 1.111.1.1.
βήμως 111111 1111 unwan. ·- 11 1111111111 11 111111 11111111111 111111111-
m] 11 111 11111111. 1111111111, 11111111111 111111 1111. 111111111111111
1111111111111111. 111 1. 1111111 1111 11111 1111111111 1111. - 1111111 11111111·

ι 1111ιο,1111(11111.1,11111111111111· 1111111111 111111111111 1111

⁴
ΜΛ.

 

