11 CORNELII nem amomum!

11111 Vespasianus (111111 eum Nero 1111111111) tribus legionibus 1111111-
struhan. 111 vespasiano 11111111 Galbam votum 111 animun: 111111
mum 11111111 venerationem cultumque 1111 miserat, 11111 1111 111·
notabimus. 1111111 1111 11 11111111 11 1111111111 1111111111 vesp*
111111 1111111111 1111111111111 1111111111111 credidimus. (11) Aegyptum
1111111111, quibus 11111111111, 111111111ιά11 1111111 1111111 11111111
obtinent 1111 rogum: 111 viuum 11111111, 1111111111111111 malm,
1111111111111111, 111111111111111111111111111111111111111111, 11111111
111111, 11111111 mgistratum, doni 11111111. 1111111 tum ’11111111
1111111111, einaim 11111111. Africa 11 1111111111, 11111111111311111
11111, 11111111 qualicunque 11111111 1111111111111111111111111 11111111.

1. 11111111111 Ι. - 1. 111111 1111 1111 111 (11111. 11 1111111. B. - 1. 1111111
1.- ’1. 11111111.- 1. 111111 {acuam Ι, 111 11111111 1111111111. - 1. 1111111 Ι.

11111111,11111. 1. 11111. - 11111111 11111111 11111111, 1111111111 111111 1111
11111111 111111, 11111111111111 potimur: 11111111111111111. - 01111111 111111 111
111111111111111111111111111. - 111 111111111111111 1111111 1111111111111111
1111]1, 1.- 11111111111] 1111111111 1111111111 111111 1111111111 111111111111
111 εἱμαρμένης, 11111111 11111111 111111 111111111 1111111111 1111111111 1111111111
1111 1111111111· 1111111111 111111111· 1111111111 111111111, 11111111111111·
111111111111111. - 1111111111, 71. 1, 1111111111 111111 11111111 1111, 11
11. 1111 11, 1. 1111111 1111111111 1111111111 1 11111111
11111111111111111111111. 1111111111, 11 11·

11. 1111111111] 1111111111 11111111 1111 111111111111111111111,11 1111111111
11111,111111111111 111111111111111111111. 11111 1111111111111111.- 11111111] 11-
· 1 1111 1111111] 11111111 11111111 111.11,1111111111,1111111111111111,
11111 1111 111111111111 111111,1111111 1111 3111111111111 111 11111 11111 111111.
11111111 1111111 1111111111 111 1111111111 - 1111111] 111111. 11 81111111111 11-
11111111111 11111111. 111111111111· 111111υ11111 111111, luo-‚mula
1111. (11111111 111111 1111111111 111111 111111111111111111111 1111111111. -
1111111111 11111 11 1111111111 1111111111 1111111 111111111111] 11111111111111
11111111.) - 1111111111] 1111 111111 11111111111111111111111111111111111111
1111111 1111111111 111111, 11 111111 11111 111111111111111111111111111111,1111
1111 111111111111111111 1111. 01111111 1111111 1111111111. 1111111111111111.1 -
111111111111811111117,11.1.71“11’11111- 1111 11111111] 111 11111111 111111111111
111 νῦν 1111, 1611111111 11λοῖσιιᾰξ11- 1111111111111. (sm 11 11111111111111111·
λόγους, ὑπὸ 1111111111 11 11111111 1111· 111111111111111111 1111111. 111111.) 11111
11111111 11ῑ1111111111111111111χ111ἀ11. 111111111111111 11. 1111 11111111 11111111·
’0 1111 1111 1111111111 111 111 1111· 111111 1111111111111111 11111111111111·
1111 1111111111· 11 111. 1111111111 111 111111111111 11111 1111111- 11·
1111111111111.1111111 11111, 1111111111 111111 1111111111] 1111 1111 11111 1111,
11111111 11111111 1111111 1111111111 1111111- 1111111111111111111101111111111.11,Ι.
111. 111 1111111111 111111 111111111· 0111111111111111111111111111111111
1111 111 1111111111 1111111 1111111111 11, 1. 11111111111111111111111111111111,
· 1111111111111111111111111111111. 1111· 11111111111111111111111111111111111111-
11111 11. 1111 11111 1111111111 1111111 1111111111111. 11111111111111111111111,
1111 1111111, 111 11111 111 111111111.1)- 1111 11 1111111 11111 1111111111111 11·
11111111] 11111111111111111111111111· 11111 1111 111111, 111 111111111111111
1111 1111111111111 11111 111111111111111 11111 1111111111 11111111. 11111111 11111
11111111 11111 (1111 1111 11 111. 111 11111 111111111111111 111111 111111111111111-
α111111111111),11111.1111111111111111 1111111111. 111. 111. 11111171. 71. -
1111111. 111111 1111, 11 1111111111 1111. 11 11111111 111 n] 11111 11. 11111111 n-

 

