531

apol 1111111111 G. 96. principium 11111

61111111 13, 10. 1111 magistratuum
ineundorum 11, 99.
1111111111 Germaniae pop. 13, 55. 56.
11111119, 6.

i. 9111111 Syrico 1111611111 13, 99.

ob 1111111111 1111116111 1111111 1111111
111111 1110111611 16, 11.

3111111111 1, 79.

9111111 Patavium condidit 11161111·
qoo 11111 † 11111111 16, 91.

Ammonio 11516, 11.

111111 111111, 3.

Ammo 1111111111, 31.
1111111111 Homolio 11111111 1, lo.

1111111111 1111191111 119, 79. 611·
11111111 1111 1111111111 9, 93. 1111 11151

9, 69. 1111111111, 11 1111111111 111111·
111111. 9, 90. 1111119, 79. 111111111-
1111111111111111 11. 9, 99.

111111111611111111111111 111 919.

1111111111 11111111111111, Com.
mogoooo 111 19, 55. 13, 7. 37. Η. 5,
1. 111111111111111111131111111111 H. 9,
91. 111111111111111 1161111111 111111
ἔ3, ἔ. ll, 96. 7111111111 11111119,

1111111111111151111, 911111111, pro-
1111 11111111 11. 5, 9.

9111111111 θεὸς bollum 1111111111 Ar·
1111, 11111111111111. 5, 9.

1111111111 11. 11.. Scipione 1111111 9,
66. 3, 69. 19, 69

Aaronom Galliae Narbonensis moni·
11ρί111 11. 9, 15.

9111111111 0. 91. 19.

11111111 111111111111111 Η. 1, 91.
Aegyptiorum 11. 1, 93.

Amison 911111 1111 11, 99.

1111111111 3, 75.

9111111191111111 11151111 plebio 13,
99. 1511111111 11151111 1111111 111111-
111 11,19. 19. 16, 91. Ρ. 9111111111·
1111111 111 1111111 15 lo 111111111 16,
11. 1111111 11,18. 111111111111111111·

11111.1,11.
C. 1111111111 oomni 1. o. 776. 1, l.
C. 9111111111 conoul 1. 11. 903. 19, 95.
i.. 1111111111 Veios conoul 13,11.

11111111111 Germania 1111111 19, 53.

Pholon 1111111111 111 11111 horu·
111 11, 59. 11111 proconsul 16, 10. mo-
11111 16, 1011.

,1111111111 Volua. o primoribus 1111-
111111, relegatur 3, 39.

Annon 3, 71. 11, 1. 97. 9111111111
11, 9. 11111111 111111 15, 99 11 11111-

insnum - ANTONIUS.

(11711135. 195ἆ 99. 151 111111111- ab
, . , .

11111111111111111011111 19, 91.

1111111 claudii 6111 19, 9. o& c«-
11111 9111111111 13, 93. 1111111511ι
11 Neronem 1111111 15, 53.

1111111 Flaccilla 15, 71.
6111111 minor 1.. Domitii 1111111

' Cn. 01111111 11 Domitiae 11111111 niet

19, 61.

1111111 611111111116111111 11111
3, 3. 19. 11, 3. 13, 19.

9111111 111111 11. 5, 11.

ulpianum 911111, 1111 61111111 H
. ‚ .

9111111111 1111111111 13, 31.

1111111191111, Pollooilo 11111119, 51.
11111111 procurator 19, 51. 111111111111
11 libido 11. 5, 9. 0111111111 mm
(11111 11. 5, 9. 111161111111 71111 11-
01111911ιῇ riam· 11. 1, 11.

91111111 101111111111111 filiu 1,16.
3, 18. 1111111 ob adulterit· 111111
4’11111111111111 tribum 1111111111 H.
liliam· 11111 in imm m
111 15, 5051. 55. 15 1111111111 indl-
1111111111 15, 56. 71.

11111111 1111111111 01111111 311 Β. 1,
97. 110111111111111111111111111111.9,19

1111111119111111115111111111111611-
11111111111111,10.11.9,99. 11111-
511 1111111111 11111111 11. 9, 96. 111 11·
111 11 ougo! 11. 1, 99. 5, 19. ὕ. 1,
98. 1111111111 111 51111 1111111111 fl.
3, 9. 11111111 1111111 11. 3, o 19. 19
11111111 ol io volgum 1111111111 a 9,
10. 90. 111111 1111111111113, 17. 111-
11111 1111111111 11. 3, 93. 31. 19. 1,
90. 6111111111 1111111111. 3, 11. 11-
11111111 1111111111 11. 9, 59. 1,

69. 15 oo 11111111 11. 1, 39.
1101111611 11 dodilo· il. 3, 10.
proditionis ooopooloo 11. 3, 79. ll.
69. 1111161111111 1115111. 1,9. 91-
111 11111111 1111111111. 1, 11. lii. ἢ
ortogonii· 11. 3, 19. 1, 80. 1111111111
11 decernuntur 11.1,1. 13 Vam-
Ι1111111116111111111111..1ἑ69). 1111 viu,

111111111111 . ‚ .

L. 2¹?ssqu 1111111116 nim ol·
11111 . .

Αῶω111171111111111111111111199.

[11111111 11111111 l, 19910.
9, 3. 53. 55. 9, 19. 1, 19. ll. 969,
661 61111111111119,13.15.11111111

 

